date,excess_log_return,log_Mkt-RF,baspread,log_Mkt-RF^2,rev1,rev2,rev4,max,log_Mkt-RF_lag2,log_Mkt-RF_lag3,quick,chcshoq,chtx,chinvest,pchdepr,pchsale_pchxsga,pchsaleinv,chsaleq,tang,sfe,turn,bm,gma,oa,pctacc,cfpq,invest,dy,salecash,O-score,chfeps,first_lag_excess_return
2007-02-28,0.0,0.0,0.0,0.0,0.0,0.0,0.0,0.0,0.0,0.0,0.0,0.0,0.0,0.0,0.0,0.0,0.0,0.0,0.0,0.0,0.0,0.0,0.0,0.0,0.0,0.0,0.0,0.0,0.0,0.0,0.0,0.0
2007-03-30,0.0,0.0,0.0,0.0,0.0,0.0,0.0,0.0,0.0,0.0,0.0,0.0,0.0,0.0,0.0,0.0,0.0,0.0,0.0,0.0,0.0,0.0,0.0,0.0,0.0,0.0,0.0,0.0,0.0,0.0,0.0,0.0
2007-04-30,4.46506853195885,0.4392433897913441,72.79625231661183,0.0029599940501733,-9.082335376888034,0.0,0.0,0.0,0.0,0.0,919.4551734372194,3.0306864359741943,523.9551527777785,53.59714466491106,16.438845067472183,-27.216001472711536,45.69856285019911,1.1231316034243104,0.0,7.276818711778,874.3280012260008,633.9349302264416,32.662837271552874,25150588.996489905,-0.4056032639272428,128.8636173465416,7.929286957833323,10.76893056909356,3752.617060141697,-4090.116532312727,-86.01382218439444,0.0
2007-05-31,4.57551119523742,2.236335501639717,132.79133526322835,0.0763650644048817,67.45589446789135,-9.193971643543312,0.0,0.0,-21.21696518050904,0.0,907.594988847262,-1.9538963902369813,85.33678832838211,-12.578675111703095,-6.26700474233168,-15.439150925705937,-87.58522346132307,-29.61944743090207,509.6591861812366,7.128002413208219,-91.35804997607772,-57.63203780374454,-3.550772447598113,271412.5025661029,0.3090846788533108,-99.05813009715168,-0.4095639624196145,-7.078933558179656,448.67391311772826,94.3155167586374,28.84037717570237,4.46506853195885
2007-06-29,-4.1555679111697685,2.0864750047568403,234.39282209618983,0.0662448571724012,80.13371577179126,67.85244260607135,0.0,0.0,7.298603868836869,-21.36468690590809,913.2292599462422,-1.9541737909064936,86.65227366914007,-12.612091613396863,-6.284564545012433,-15.530804056776976,-88.13130632506545,-29.78720916879565,513.3138251058136,8.88211002583222,-142.16733623333903,4.156922635598335,0.204958469706419,200390.8431574963,-0.0006008346016804,0.20788493416795,0.0829176291209901,0.0226582148108711,35.68265084328323,-29.17308557716933,183.3449551806687,4.57551119523742
2007-07-31,0.2982163963493387,-1.3018346315346316,145.1507259713656,0.0256760329700283,79.97836175383217,80.75847298723714,-9.257215549788526,0.0,37.30542237042597,7.362067599785711,921.372977852358,-1.959560232062174,87.565873441081,-12.701376732457472,-6.481310179929067,-15.740915265923556,-88.97092490255577,-30.120085054641507,517.6003501889086,8.977391495855976,-96.96593701802078,5.070359111625066,0.2502436066335143,194049.46235392612,-0.0010963642238791,0.2480012301228349,0.0474493469552594,0.0329299207518811,35.502221221086984,-32.936132463747526,0.5865697299583275,-4.1555679111697685
2007-08-31,-6.366232347868406,-2.4903495932771262,393.0802002736666,0.0943022411567514,-63.28050594899233,79.3194949346685,67.95679919915918,0.0,34.43808465439482,37.038873681293815,930.165756542816,-1.3914888574033046,188.8841388959722,27.684034022326955,3.452275461720092,8.49922177558884,-27.958751067395223,52.8513692316668,514.4999588533083,8.782711630278143,437.85186654384,-43.76502276642316,4.172680373884074,198071.59736292064,-0.1689603762190158,27.32594036354452,0.3398330511313183,2.920949989966654,972.1137242929552,-213.8312849111462,-32.035806134613765,0.2982163963493387
2007-09-28,1.7860619088663907,0.5993432482675655,291.539854055363,0.0054606247615355,12.536256160550412,-63.18594108527606,80.42735183687317,0.0,-21.41108239055128,34.46715999743388,931.0251193030329,-1.3940262371775525,187.6033441494866,27.491706473141093,3.3633513175103555,8.403924977963863,-28.05614239861038,52.9234904843301,515.3093650449038,10.18487556484646,-310.0566568490932,0.2294998039080837,0.04577547804341,81448.5593897216,0.001988302396557,0.0428409438244159,0.0338818918456524,0.009279482750192,7.424310857234559,-7.507096792479388,-39.513146990629664,-6.366232347868406
2007-10-31,5.4168704424965926,2.06569425631359,170.9797194078658,0.0652507896751679,-97.82701461126273,12.491115440053074,78.37302891883127,0.0,-40.633617949681565,-21.1639097167542,919.6223905117986,-1.3971012992259009,184.52295350671727,27.13560594382098,3.2804607802820867,8.26007272172279,-27.704790953107334,52.35026052243245,509.501533578043,9.913382718097774,-89.50207831306932,-6.309565905422119,-0.3843200694082824,-260520.5886844024,0.0041289641989271,-0.6726992038041217,-0.0937251705981765,-0.0707638655961364,-52.33754768932977,47.37626617881415,-8.21287084418207,1.7860619088663907
2007-11-30,-3.2910036616386624,1.1648475722949048,81.16295962990978,0.020709133517061,31.707640920211013,-98.28416974024988,-62.77343438773832,0.0,9.812819410320254,-40.78390311786138,931.5570194772356,-2.2035362441987374,480.0918956810216,10.516167766132998,-19.254871796101675,8.625215664588595,-31.016693850496868,13.058553434564582,519.4789125206389,9.66010918858289,30.308242348269005,28.669610526525048,1.3365679621881057,179634.34872159362,-0.1047705257070042,44.51495108865487,2.407950507501303,4.142293293060576,-1166.9969239845936,75.94391606105,-14.064853164501656,5.4168704424965926
2007-12-31,0.2243312895658845,-3.2464365627468865,121.50764186694684,0.160176686552555,91.45858218359388,32.06540694717979,12.104516865927906,0.0,34.29601550693975,9.892149100807352,936.9811137027216,-1.7815346441133837,483.5112682743813,10.721551258099831,-19.678501344600413,8.843389515982562,-31.40515234582187,13.420218638642488,523.2773201459322,10.127508803599024,16.662691328989695,5.086559961465355,0.2716613198124307,151107.36288647726,-0.0064022684570198,0.8570917149736204,0.1324424047452037,0.0638856860479695,28.444924841780903,-29.222705379687795,-7.427642144206175,-3.2910036616386624
2008-01-31,3.379291675334997,-0.571855434200722,189.51932335609536,0.0049854770351281,-48.15203512349645,90.65527474008296,-98.41638298861054,0.0,19.18876987942961,34.093692151218605,931.7776099379188,-1.977232997422784,480.530781657193,10.708768454468316,-19.376271010213507,8.705512522649153,-31.13855238957901,13.291280947126968,520.4611086205429,9.597484666519254,-326.89185255626154,-3.600761452616098,-0.1922082541437078,-94531.28144399448,0.0043910948368762,-0.6655130998160246,-0.072118013192135,-0.0526381789402101,-18.52204850732096,21.212041463061723,-31.05436827882335,0.2243312895658845
2008-02-29,-0.5223827172683124,-4.30273961570378,603.4167422466267,0.2821410619486286,6.7541598720435685,-48.228892635490055,31.81910909685004,0.0,-53.29286594522977,19.20301940107768,782.2631170364266,2.9121889514400205,363.5162971704501,42.22647343441601,-19.062773013691256,8.702088484723005,21.39578118466752,26.62217367905899,516.6389906238053,9.453384512151793,720.1418333302472,-8.926386294907843,-0.8805027841907176,334637.622174006,-0.0283938894770419,20.881167590996668,1.8797255261541803,3.227180515246406,2382.259167781776,94.312603999585,-8.591705489414363,3.379291675334997
2008-03-31,4.607623811588877,-2.063508167902544,59.639166805803626,0.0646846282490582,58.21013646828448,6.862850236239614,91.05852800042392,102.70613442386106,-9.476568850575822,-53.6318822633122,779.5348929419354,-33.220178914264615,488.50436245232873,107.828419862413,-0.8656290187858167,8.023151517843086,34.49086968749541,26.122698048797268,518.735958281923,7.33779498266691,-283.1896622237151,10.337075247144751,0.6469078462730167,195050.80207866803,-0.0230258845508205,8.314134915359702,10.839685767123775,0.5306984930334941,891.5175978561501,8.62490239941053,-53.80258733694466,-0.5223827172683124
2008-04-30,7.729811036111454,-0.6131468148112814,358.23754874816524,0.0057200632911957,-7.280170613039245,57.92752233515028,-48.49922045640491,102.42925149757092,-71.04848665740789,-9.44613325819512,776.7613995261567,-33.14065785044872,486.8645120489507,107.61803705187776,-0.8528824143641716,8.023807204044802,34.386839336156385,26.02125496662783,517.0106888636806,7.3038896569780976,130.80143754694382,-1.7312683052023203,-0.1131117538891288,-92272.60622993484,0.000632777024268,-0.419476057954995,-0.0255570399571176,-0.0575770695197448,-28.404952779703308,13.718336975945933,0.8725755015361187,4.607623811588877
2008-05-30,7.280792918687379,2.9658074983676688,139.65041264918358,0.1331431893008005,77.06152601630012,-7.342844306717183,7.004656408437878,110.6958777766792,-34.30968567588873,-71.77002153825005,907.9966812733988,-5.350327018880943,434.9371231831474,-43.45884442662138,-16.82589667455536,-4.707012648533071,-61.4609193681197,24.08710505968569,531.3158869934872,7.398799988849232,-33.50269244324977,-49.24833738507402,-2.6797092572721226,514360.2931648195,0.2947333338510698,-96.51736033554604,-10.859630660463534,-10.7522549976979,-2187.835580938542,52.8637496559104,-0.1807968632451775,7.729811036111454
2008-06-30,-6.3330493898456535,1.2230302131509183,198.27248136383312,0.0224972827722551,132.6726214396539,78.15175420813601,59.39888182855212,124.78044960799132,-10.34143941970989,-34.748777385178656,919.3838633890684,-5.400737687342844,440.512403017484,-44.10963848109906,-17.108409525475484,-4.7861409500472005,-62.267822669417946,24.345717268689626,538.0673012011778,9.707675665738794,-115.34382373403572,6.651913455293425,0.4020917034510916,338880.5927823186,-0.0019082861630619,0.4387090298839524,0.1941197620158394,0.0411378065603633,59.80591710626595,-50.19231524475072,210.58340866021388,7.280792918687379
2008-07-31,8.509427702738217,-5.89140145997565,152.81111794624306,0.5185653185849842,126.17942641759876,134.45313756635295,-7.4834849360797,136.85587953958432,50.43107092792058,-10.479934093222704,931.3810611716452,-5.473413644176681,446.1774771822735,-44.70673980562152,-17.342766349717078,-4.851648610238983,-63.18009184878017,24.647435957709924,545.2399360023758,9.519670160618311,84.32896688062317,7.077652428938336,0.4291821900824857,369578.8303739317,-0.0017061609214361,0.4574961121060141,0.1636374274637795,0.0513071854529405,72.25346333034213,-54.34843613035992,-17.45196254478526,-6.3330493898456535
2008-08-29,-1.0452544785924285,-0.5137274896984638,92.26816321727205,0.0039656165156333,-102.81188732663564,124.7916401718006,78.11353790294304,135.2896188621537,20.432598021982127,49.86624961912074,922.1050783660376,317.93697603963085,379.69646940846445,-7.0151173383336864,-5.646832426319198,17.885524969113863,19.62409872140034,90.54063341391104,539.2162384703955,9.486188515273115,251.58060180840343,-69.71409068585973,4.7423060055967525,38786.84502495453,-0.0188157041822051,18.1103947566629,3.927308329335697,2.8105883798439018,1580.438008739744,-126.07925747714036,-7.111439094172852,8.509427702738217
2008-09-30,-9.955509198517138,1.0169433831566774,49.59429690788061,0.0154206508508809,142.2325225238617,-104.48515782244291,134.8814919097763,151.8429654490681,-99.24451438962627,20.74027652328501,934.9057733207924,320.95949542124777,388.1608221282231,-7.274294437760163,-5.900365585055365,18.42051855212029,19.90088523875735,91.94319044469792,546.809492005613,11.603844925516588,-494.3563362295911,7.321657689811786,0.5437993212139176,323742.6455660239,-0.003224052794263,0.7798744351802327,0.2877333617814308,0.0905718485826785,118.6930263922668,-58.4700101270646,4.991441866792144,-1.0452544785924285
2008-10-31,-11.468751349500367,-6.499985885263181,156.88057396222467,0.6291998027440419,-14.69653726854037,142.88957714830588,126.94878611944456,152.31105472454308,-8.723548400973113,-99.47183185763384,935.652193658486,321.75141734935767,390.8377999863601,-7.339273328275365,-6.0331793328542105,18.634521124142395,19.784264131944877,92.17326239896968,547.7073580078866,11.851223912809749,370.5926288393034,1.3755702201160602,0.0713084633241223,19413.679640930142,-0.0009728906116813,0.1066813057928897,0.0732329083841953,0.0099987254718794,32.61230566662471,-7.172129018760643,11.392662524051246,-9.955509198517138
2008-11-28,-16.702195782200565,-12.576586145561716,291.9390284389572,2.37620059347405,-163.1712262764526,-14.365848776482348,-102.94237116278325,149.65551840057805,16.840166423275008,-8.572714468372245,834.375871142721,5.363819160769529,324.85157770678063,-18.727138811291077,0.9173321628608496,2.522952828802222,46.23414452666929,39.80417338118083,540.3548241634259,12.166271671082225,206.15965611879687,2.987419231177455,2.838012042593625,-248282.42524463683,-0.1944554805316179,44.43878705033474,-3.163725908549896,3.839723791966549,-1876.3614160418183,109.51524878454256,8.69554958162135,-11.468751349500367
2008-12-31,-6.0165990867796655,-5.38569160657509,173.48197831181463,0.4407407007474245,-176.9692810051563,-159.56770865938984,136.76482609863734,137.26808319105146,-105.16391155393598,16.473902688164575,816.7657480077546,4.653598114199912,316.2782727181411,-17.747054553790043,0.7222579601833795,2.4044083916997026,45.15503106509308,39.230093521858095,529.3646940646021,19.390914156239354,77.64185576770001,-10.44726889539055,-0.818154498723402,-430932.97518806905,0.0129747570573844,-2.138829849609138,-0.3705098633916641,-0.1817028064419563,-101.71733450832652,80.073239210481,-126.76884716287732,-16.702195782200565
2009-01-30,-7.490728843507101,1.1175340034377403,325.8349137240003,0.0192778565031127,-260.76775573076907,-170.84502122746832,-12.885336171964914,132.96483834419166,-198.9825381543669,-101.94614322815228,792.6626072443012,4.1249005981681055,306.51630063926035,-16.73562800401551,0.575970478079687,2.2948250236245795,43.495957914766336,38.08909673767677,513.5812946103209,16.32452032758265,-738.2360605059224,-14.332920394502707,-1.1908547087342851,-780207.0313457474,0.0130198219769782,-2.903244013481199,-0.4463440321989598,-0.2847588312327591,-153.63692841755255,121.30974489096752,-57.98111029503512,-6.0165990867796655
2009-02-27,-8.391392611348204,-5.454668916600573,135.64540063360226,0.4619385001557022,-92.8664767259142,-257.7286403909096,-152.81504086828772,131.42553551770183,-85.22090508059011,-196.7545552491948,844.001595119085,11.697477461620288,245.25236417022865,-26.61176710567689,11.173902644745636,2.250648885952079,43.91648744089039,-94.77003517747156,511.2295860165567,15.398830942636303,508.223343145743,158.78298279381886,-1.8611873330306776,-471557.7907304615,-0.0539443403926728,78.03793523582513,-5.861391474640466,10.191645467686111,-865.6334123002862,156.9978399471306,-24.945018089244407,-7.490728843507101
2009-03-31,-1.4276662493541497,-6.8089174623994175,61.01436018408549,0.724884270848693,-120.44952156032386,-91.7224585296074,-166.32554012250526,129.45006158078212,17.70844438223079,-84.00866656347864,817.3936982793572,-6.959098412920268,-73.0721751820127,38.59718399832838,6.450967529136955,-28.24976991929834,3.86743885568141,-123.63768400038168,510.7390521245895,12.679485215585268,178.13447737197555,120.8962360715841,-1.2869462678594772,-401952.5962902829,-0.1872107444367661,34.2581069279899,3.20151795381702,0.8275673901745364,-609.5048492505648,110.54174883885707,-167.93447642952708,-8.391392611348204
2009-04-30,8.823419870496057,5.435530482171221,7.3465637318705,0.4658381652294324,-134.002974686745,-118.08467929115892,-250.47326146421275,127.33612662387806,-85.45693804782343,17.407225685661793,802.588947416291,-6.806853186575952,-75.50151770760264,38.50075228294148,6.337038828937089,-28.15791547956296,3.472698108711196,-121.57814999794329,501.7712435958373,11.446176767585795,-111.59146209541244,-10.950769529926449,-0.6419346743667944,-503348.1258090362,0.0045778281604559,-3.2576272703305733,-0.0823947681253507,-0.4039695902112221,-63.34451297455507,67.7832770094983,-23.59382675641137,-1.4276662493541497
2009-05-29,3.186050207423335,6.140777586744512,36.54867490189934,0.5952621859407037,-9.83130214296238,-135.13707412983416,-89.58927272859057,120.34250976281156,-107.33182237666794,-85.37951068005611,1034.677524923672,1.945352363835781,-475.9140028388638,-41.71064903723843,-15.678081395313072,-35.8133059277239,-216.9064147419645,-195.12010291913143,503.4238847012489,7.944078553648941,158.21898988872158,238.3091273749361,-11.21049039963917,260556.20599589497,-0.352684268674149,-162.4114794765818,-0.8645888726559257,-13.441052448768955,-1148.2445255647854,172.96765710610043,-52.760083494297874,8.823419870496057
2009-06-30,2.2143959770369843,3.241688073704601,89.17163824250963,0.1646393947049524,141.43395112567572,-10.791935459607268,-120.08064441983652,128.45770084517946,87.68900985774661,-108.92878054436304,1050.0602511481554,1.9712660227418144,-483.86135705775735,-42.2741054219498,-15.979967987976432,-36.75381444762317,-220.01412192321376,-197.9060851848477,510.7140409385376,10.874403801249596,-244.8666129330508,16.024813633869258,0.3483169980121765,359261.41929097474,-0.0234633421704681,0.6605779782034702,0.2035104800530529,0.0845111464816481,31.59034713590063,-48.753507201484354,437.5809327076721,3.186050207423335
2009-07-31,9.66140841432663,0.2746720942730998,40.68509865112426,0.0011784389530771,50.49304388433211,142.2551058935732,-137.41301864960818,116.93875202490348,99.7630635022639,88.20190819968161,1056.3994547916889,1.9827367084731056,-487.605427617832,-42.49236166173456,-16.026742038829184,-37.161058211477474,-221.3316026654791,-199.00592393716232,513.5722047226357,9.289305238532144,15.970211585119728,6.628444590787467,0.1359084781297248,108930.19624865057,-0.0101674472468794,0.2662311179223806,0.0675854865984977,0.0393502331583359,12.077305719207288,-17.980157445522764,-50.69502721335658,2.2143959770369843
2009-08-31,5.173085705182491,4.770191373192046,32.205676975291574,0.3547014651896683,38.096385899643344,50.69672385869845,-10.777645992211363,118.56046289662568,52.49603822029948,100.1956619098406,1110.7553959711715,8.311843726021557,-400.1623424766266,17.899550306694266,2.324813077035272,-2.740732966398166,-98.93973640866716,-31.71884659240272,513.436237028944,8.419212905419293,-156.20828491799193,-179.46258139136978,1.5709889571261897,594360.2476369739,0.6997909134826554,13.33510717879878,1.970347262233206,4.743191479389381,230.2392965869476,-563.7030730065744,-25.04178401186177,9.66140841432663
2009-09-30,-0.2226402605831304,2.1227336567292383,29.349204918868697,0.0695287332798011,156.35607325780288,38.59016179475746,145.851681156889,128.7906633567558,4.523091301051675,53.54332549770714,1133.1154212388387,8.60532819350115,-410.9092067668327,17.154657852802437,2.359967365983588,-2.844749019052596,-101.1624899985462,-32.27534494261531,523.2222477814998,9.661495138195605,-149.40851211916686,18.27448988982269,0.4810015591061507,422401.8542312384,-0.0079368649783728,0.964111286041664,0.1617664583760731,0.2101382106260665,52.19104539176897,-80.46878363814358,51.60817983631238,5.173085705182491
2009-10-30,-0.8514509590404311,2.604580035621737,23.957179408167555,0.1041460172403085,83.59097297294304,158.2189740967162,52.54306778597873,136.6690211118838,79.15704626590212,4.567251752900093,1144.2649902889143,8.795452080518695,-417.1518305441296,16.499848431781736,2.369706073206008,-2.913789200243473,-102.40836378597496,-32.52771421640212,527.9516750005821,9.86173809396582,-3.879647322665619,9.930346007707954,0.2267262085189152,179842.28021108732,-0.0050250366165398,0.4367619801594387,0.0686707188203659,0.0922728473864538,27.42007899883083,-39.9441585367349,2.3191720043215867,-0.2226402605831304
2009-11-30,8.668483149886018,-1.709349443931044,45.58775168647204,0.0448555707166713,-6.172565050704225,83.87927659594337,38.55153865462391,136.901941415381,34.85651579671766,79.130214320519,1135.1696548515872,3.2015280370176797,-344.4587206629373,-42.73329907440164,-6.221340432053609,28.553454163533672,186.67939030942603,105.13298041115311,531.1729305528277,9.769229769268394,409.2190289967814,-168.15036081812423,3.971240574887464,107374.79053753242,-0.1081805484948841,35.445126671958846,-4.293325219404753,3.2138631349092908,-127.48926450601355,196.3099136121309,-2.8136053565111183,-0.8514509590404311
2009-12-31,3.053951563268956,3.521489043040245,37.8559501826391,0.1905453973923161,-11.9679924019025,-6.5613584765412405,158.08089399051624,137.6432085135205,42.48525719121244,34.80183182686683,1134.037111300355,3.1713112219450674,-344.0487939983368,-42.1704886356877,-6.070521859690484,28.20941397915729,186.35328399991815,104.87752991708702,530.5541894696148,9.183990588392298,-639.689566067696,-1.350793969683764,-0.0379887449223552,-16380.213818322867,0.0028701265756383,-0.1082152379992322,-0.0424082689547109,0.0306338207939322,-5.925346347976756,4.558300652904109,-66.04167656530127,8.668483149886018
2010-01-29,-6.510041935340465,1.77949759421548,50.78662734958744,0.0482706272789859,142.6999061692128,-12.388979585691969,85.03084387280774,152.19540798357676,-28.324076215967903,43.159378440348135,1151.705003391974,3.2384929155678464,-349.5660697485546,-43.127606422890295,-6.276666322449477,28.85525275687837,189.38827180232155,106.59994156110808,538.8107308581561,9.25881188757907,-227.21373951715648,10.689449279759856,0.4745490061401867,402743.8432230577,-0.0072883642652607,1.428862517519093,0.1272970109609605,0.220738682927438,38.54459071139354,-62.3285462796739,-1.5616973932050513,3.053951563268956
2010-02-26,7.486463895708765,-2.248971336177295,35.220981010570014,0.0768641094453445,48.28022210172099,143.6545884133651,-6.0320403746184255,153.27981106819578,58.73979741731419,-28.486943530117458,1318.3242630458087,2.2872026304520268,-1920.608024150315,-374.8904089572292,38.88592306702565,12.026618309585452,97.9519363969542,28.45491624548214,525.5615056497504,9.41292066755569,518.8487091123784,-85.28568953651688,0.4138953799392446,307106.471187938,-0.0806850009114337,15.591911072110804,-24.845216073693653,2.2704333201735434,-58.66242612748147,-14.64041036769686,6.160583819475029,-6.510041935340465
2010-03-31,4.787018683338349,2.1868271545280225,52.39264137786424,0.0731160762509459,-105.59012035452037,47.592077534855264,-12.647835903330504,151.42497348475496,29.09685225303864,58.04069349385559,1302.551586090269,2.2578134200531736,-1892.2016507768544,-369.3254712807448,38.35039171657427,11.844059331589056,96.69221962619191,28.100790036697056,519.4564012705353,6.6105616780319,-126.17045404606358,-6.960270916347781,-0.3652345450059506,-293779.7314002402,0.0063277124122945,-1.2826793253176731,0.2949370980071926,-0.2086582823203571,-28.437603226905598,47.07233195208119,-148.04749788495468,7.486463895708765
2010-04-30,4.872992459420618,4.028925176164232,28.430561712205154,0.2465026493278446,122.89183999755456,-107.02515191078884,143.93238249825023,156.3982750945117,-37.15433330627579,29.48867985765428,1320.1341150779326,2.2877448288918374,-1928.4684329208703,-376.7914218162143,39.09153273542775,12.083293202854408,97.87534049617268,28.53148491238873,526.1912434743208,7.219179115974013,-153.72075525942637,7.9354530946059185,0.4109525734340522,338877.6514337696,-0.007676817739076,1.420873689502983,-0.3909105266950057,0.2147119685196301,32.14153043777378,-52.81205079724259,20.805143626566576,4.787018683338349
2010-05-31,-3.678846380423915,1.31069757957825,24.342852676288658,0.0259526793725381,81.17439901925121,124.143672975187,48.84820458136236,157.9692705126541,36.73087941835343,-37.54677039597108,1249.377589415277,-0.4015992772011713,55316.24682882958,26.47549372250404,0.6236250336083344,16.46446564661803,2.046364466083057,72.23886039365325,532.8303510965872,7.833953340938963,422.1811587425847,-34.63750819001973,1.5605865152903746,516623.0989590399,0.3243374500609495,-74.28239421726853,20.2518583745714,-13.823766610670166,87.25635406200172,-30.844935233330038,26.613667835571874,4.872992459420618
2010-06-30,-3.1490308491891845,-5.464521619505643,63.09236027456696,0.4490640644042066,80.77433091945467,81.78437870925956,-109.212992400826,147.3934077148544,67.80459736922612,37.05315311591857,1260.3870398442791,-0.4072946391205092,56521.507191573946,28.374890194098658,0.9605089609303548,16.826327811966543,2.330810805225056,72.92048457654303,536.9873904778716,10.520617812393787,-133.45287626555955,5.075571238905809,0.2858709877620171,165708.2011993602,-0.0021376452815742,0.310795399286583,0.0464410517843894,0.0247675811254994,24.32493109858024,-31.97641494743584,187.9640856631132,-3.678846380423915
2010-07-30,3.3945442534261536,-3.796936743881101,33.21375869671002,0.2175852589857824,-60.90670702679645,80.1718924552947,124.45843553216255,146.32524377135766,21.787074408456927,67.32116177925649,1251.452528910322,-0.4004483141783266,56074.25237188925,28.06130801509643,0.92096079832584,16.69296450959449,2.2902102308242096,72.39410691944096,533.1870675946002,10.85453590927706,-75.64268094772342,-3.943858229977877,-0.2379714086153157,-198675.8899532184,0.0009718868445281,-0.2449710311107793,-0.0243468114827836,-0.0300852203024986,-17.90240319211307,29.36312324769642,17.432469765359713,-3.1490308491891845
2010-08-31,-3.2159611246599105,4.426406391657945,51.908191091362056,0.2965592401988884,-51.446729764403024,-60.562137574394,80.75756909180042,145.4831625807778,-89.90843156256275,21.66326793695969,1114.387834702722,1.9194062459479309,3246.92549773282,89.48898889814485,4.846359985022977,13.26252618805288,78.21696461813107,73.41198807796538,523.8172705642016,11.322449578647223,89.13827342011689,27.66004140316136,6.203669565868516,-19642.365230575204,-0.1363328231087976,35.64015734229508,1.058557645230998,4.74402164574614,1166.5312136645675,-173.65356130446617,23.28138494948439,3.3945442534261536
2010-09-30,7.105390413400227,-3.2367273214442887,35.66104121134707,0.1581793962180025,57.750420173665525,-51.70162886165106,80.0280541519575,128.4452092436773,-63.01076453517171,-90.35970324793324,1120.0268235155297,1.8910585733659195,3256.2884246952503,89.63315427899299,4.8564332260600604,13.29353503578183,78.62516437392193,73.78883131472277,526.5528396108588,11.267676921909976,-132.00086532048238,2.84888414651482,0.19946842151856,162027.33993351832,-0.0008113449255216,0.3457493183457956,0.0185438853100099,0.0512655120341083,17.069484341523548,-22.551039561112702,-102.30371255488836,-3.2159611246599105
2010-10-29,5.893151728797294,6.014800661697823,30.015292626237937,0.5480137816329633,-51.62770655600114,57.46085180322521,-60.45802338690123,126.15387837777354,73.20263589832533,-62.61273156742713,1112.9165495862696,1.79167707164016,3221.5203206150863,88.42094729226999,4.803807657759633,13.137461462853617,78.13764175559417,73.32415193836681,523.458648468273,11.194216775547918,-147.56507820835407,-3.804714303273954,-0.2410695572314907,-138667.08832341433,0.0027127774568663,-0.4507940423110597,-0.026066853156248,-0.048885652913718,-24.171152110350704,25.578649503895576,-0.2861313748619096,7.105390413400227
2010-11-30,1.342721095674303,2.529084409799392,35.759806346711954,0.0962631769523124,118.91548896668102,-52.31237114805681,-52.01795160485232,133.46874836337184,-54.09135200471523,74.15564436293889,1199.7186653168485,-12.081709586685992,843.6693348469254,139.80620067786347,-5.557127485148973,-11.60095726814965,0.7018030420562589,8.367787124054544,529.8746541329639,11.341006631973888,153.93137415147032,-39.26003854477631,0.8574463281134186,641485.4751868173,-0.0793378308739398,32.17300382921886,3.8302057818474022,3.5893486230712206,67.37796861324705,-49.386356316014826,8.331842260375012,5.893151728797294
2010-12-31,2.4081610699657383,0.3994057274737319,36.243810405244574,0.0023890335028717,98.14105570135852,120.06348020045964,58.61362855912175,136.15396896323048,101.8149937669721,-54.611649868258965,1211.2866291025932,-12.158797871667362,853.9406017027824,142.5682226695017,-5.6753136718249335,-11.845109744046642,0.5197469656271254,8.24852195628981,534.5098930705242,10.50115264625314,-145.6129011727292,5.508579361997931,0.3677233279151224,212549.3857834302,-0.0056999213290606,0.9933155741722716,0.0972256388150647,0.0851471136661672,41.88900809584538,-39.33774598846867,-64.12000434142226,1.342721095674303
2011-01-31,2.0887189222786207,4.409754840752193,40.60070374306583,0.2909053530540487,21.752414066639965,98.52185178579136,-53.14549155707822,124.91867638199534,42.61971462661562,102.01966965902696,1214.1238938491654,-12.154029868820093,857.1093705511506,143.8489679292475,-5.732060941037613,-11.964900360575008,0.4307556192546129,8.172468778109904,535.2592512516519,10.573100759239498,-294.1806210045834,1.3754807802083633,0.0692838591988973,24240.111823726445,-0.0023444169024641,0.176312026349322,0.0284036369786733,-0.0022302798859357,11.086338184908527,-7.72951412655857,2.638005903996381,2.4081610699657383
2011-02-28,3.652533508572065,1.319855649038914,30.517124947900147,0.0260046239377667,41.1674230245309,21.773334607465408,120.83060916409455,122.5372040109713,6.7265642462406285,42.80378843341667,1196.7169355754982,-8.566729773034425,479.8861159977381,116.9521659190628,23.05312590911236,21.825723113587934,51.62276718078638,30.74792557105624,539.6676294981769,10.20068658914132,674.4440258427222,-63.49458581541376,-0.6835720748051628,486349.4154634252,-0.1488725353816639,23.272245554752388,5.862817044676792,2.9509150343061847,-178.28586210022968,32.996307410790905,-17.944890867585993,2.0887189222786207
2011-03-31,2.503713742135067,2.3015877065945243,24.696897388635414,0.0789477420512637,35.29105579151043,41.32329634998989,99.44040995314114,122.98080938942084,74.42679046308862,6.748386930520416,1200.520689076885,-8.575471283932455,483.39672713596417,117.4009922793152,23.295106870314417,21.948695880937677,51.99869112439602,31.079184485112364,541.395328775852,8.91353886718525,-291.18371632506444,1.3558393864383902,0.1468266979321484,80186.72714090347,-0.002398557007404,0.4362670022618715,0.0916874576855324,0.0265058567447091,12.165188950575612,-12.9982693459242,-47.34266797554071,3.652533508572065
2011-04-29,3.205457680695845,0.3087893932204604,34.6258629235503,0.0014170312789176,61.06178968549797,35.47465776932085,22.042867011716982,113.7110022343845,22.351947795718846,74.839090265155,1207.4186061215128,-8.627911384866245,486.344924323398,118.03235855271932,23.388378744903783,22.162324282070024,52.53362640993841,31.32278678117898,544.1899406959787,8.89541805691468,-73.58933158055947,2.8257913184321524,0.2083057516892026,120787.41425961256,-0.0041630609102274,0.7283117494774274,0.0580711888535372,0.0823005771713631,18.97567326658464,-22.7353916105958,-5.773605757513174,2.503713742135067
2011-05-31,0.5336391074557049,1.929144928250333,24.842611176176035,0.0551493473974384,43.29175998574877,61.46860290360876,41.82817281885718,110.490696018028,39.139772030347686,22.48175701629689,1199.6340341154785,10.464308917498652,226.46750172950075,-18.356217738512814,-8.043367787403223,5.043582278589021,-61.72044227464675,37.87290236572625,543.4643034408051,8.90953917466791,108.12769674407129,-50.73524393859208,-1.8160545031823572,407918.35733409226,0.4476815196802509,-101.03237114953164,-1.3374623553490004,-11.825799578652235,1683.363435025345,-41.88697543320359,-3.426128582733384,3.205457680695845
2011-06-30,0.2542469577229187,-0.8650277655630949,24.909517216358392,0.0110562091064393,54.30717527928894,43.419433136332586,35.75543051102932,108.91837212429024,5.265639723808814,39.35920002692508,1207.2978941229774,10.738349508140612,228.7022353808221,-18.56172208701959,-8.037864827295657,5.129386216298779,-62.007577449805446,38.04400212647317,546.06755808254,11.95280287323329,-183.44211091141483,2.604742012717395,0.2032997162700809,112511.33495050296,-0.0006592957570018,0.1423536599613157,0.0649033315455653,0.0118613692879119,28.91972770517896,-23.431811417217432,251.4628770665238,0.5336391074557049
2011-07-29,-1.2669798993978345,-1.1951719851536071,24.916142456842344,0.0211006839970187,9.131676034037504,54.31364718072653,61.83988912692792,108.98335018565813,32.819045282639934,5.268263438999471,1207.9474482360747,10.771533882217412,229.08327804214545,-18.59998224339904,-8.049063882596183,5.138120077201998,-62.063604082395294,38.00133532001695,546.3147872388728,11.952235158577055,41.47008828803576,0.1752837873988824,0.0209842774457911,14324.327391825616,-5.283456990622798e-05,0.0099567439944543,0.004092459125081,-0.0005846881578932,1.7543554999301705,-2.131183692515151,-0.1250067518625428,0.2542469577229187
2011-08-31,-6.894988809730892,-1.610225978814532,24.92057466747217,0.0382920250469714,4.108636673220683,9.117969379841814,43.44222342270788,109.02930339431518,-14.67975745536151,32.833577533940826,1312.8290135279833,578.2055753130311,399.1038841659384,2.431038417346866,-2.930212599260517,23.324732954288056,19.40402771317212,98.53215820148054,553.923389651131,11.967251431227735,71.53420147464033,-15.108290580413724,5.788164528754862,445329.934549205,-0.1213459216405317,35.64359501000115,1.446444435912893,3.935163429126481,-1382.3537165998137,-171.11770035655718,-0.1763203810580194,-1.2669798993978345
2011-09-30,-7.941697530529082,-4.175901832839627,30.85798691187358,0.257914806732449,-21.789773502679587,4.129468561306423,54.3174633564511,106.53806599410494,-20.216236582380283,-14.63559485561018,1309.1414341567315,573.3390107441484,398.4225458919531,2.4122908965227223,-2.9357852987288795,23.327847881234803,19.3633841460841,98.2658923477755,552.1010954663911,16.671986401518048,34.89370999044024,-1.1301651778142627,-0.1407390762848166,-108599.95630197228,0.0002258505001298,-0.1903061950705762,-0.0518065710479209,-0.0277032806162393,-10.090450271442478,14.00544292617178,-84.41749213442085,-6.894988809730892
2011-10-31,13.373827162336775,-5.303589256038486,30.28804561555829,0.4186387547497934,-115.2344618692732,-21.509209153238267,8.96676068081803,105.21095086347866,-26.890759115274378,-19.96400573679828,1292.820277772157,565.7733031503084,393.6686293232431,2.3861286963877357,-2.902287882370161,23.056529687115564,19.11735970697432,97.042063900471,545.1815994355738,16.281177144170186,53.94298289867743,-5.229064251980901,-0.5528752235810757,-388307.3912012689,0.0021383283461106,-0.7746451793995703,-0.1727675866088134,-0.100870542885409,-48.144113755727176,57.83348927865791,-7.982539942052313,-7.941697530529082
2011-11-30,2.082407595587374,7.168692100895923,24.51784284451795,0.7706932394300425,-131.46833586389866,-113.46336844958655,4.060064072295074,83.80605547566309,-68.78151888794204,-26.48300560857511,1095.4482440209213,-23.966953648653803,154.53542657133443,46.68069061031596,7.165014220965083,4.321739255793898,30.315880736790703,16.69642802989537,536.2828744893749,14.724572035784808,50.32110066218763,107.35411355695057,0.8017200321855213,-148883.1259278953,-0.0810352624585047,68.67662700796396,6.194304362359064,8.113064386537719,1093.79828768372,154.87516372701975,-57.4554816456337,13.373827162336775
2011-12-30,-0.707954737198035,-0.189083817208738,33.383643665900614,0.0005301772832493,226.083336173848,-134.3635108575092,-21.466014261128432,125.43078613567852,-89.89386928698245,-70.337434065419,1121.2584138208624,-24.448183767694417,158.25845519620384,48.11540799157727,7.322415357210422,4.453543103208798,31.021507756466736,17.093324933879686,548.1398563274392,13.083031009648236,-15.790594180829544,11.829131950217516,0.9920038604239636,641872.4872500822,-0.0066935220662918,2.845617478897367,0.4792638943251788,0.3246154139343691,105.40781737053658,-98.78978229065888,-39.92761207796019,2.082407595587374
2012-01-31,2.49684926949908,0.4979946919683619,24.828492151349945,0.0036715925212345,35.22493994412527,226.900171679752,-116.3443277088447,126.88789593924838,122.82270322447424,-90.17924139943496,1125.7799763685834,-24.451334584777285,159.18803908020269,48.6269690917577,7.333820859295459,4.495551281849474,31.106426819235644,17.22235890988273,549.6499271273913,13.129488041744604,-420.7080684019411,1.7941360720353714,0.1357808768121273,70288.51797740534,-0.001499691976499,0.3389125934548644,0.0915726644156578,0.0227833352565411,11.633023145988773,-14.22009335544044,0.0824345718891503,-0.707954737198035
2012-02-29,-2.122316882954041,3.3256007876519544,30.840698457336217,0.1638398508816324,-11.608648994558996,35.24664085432602,-134.4725357082744,126.61482053330792,-3.199388324096311,122.670976702309,1150.1415918671385,-7.23078691036018,13.767494136598913,113.82843429235167,-40.359008547504295,-6.53218753251312,-6.554293352088376,-16.476140508187775,544.60814113405,12.85397173637582,514.8888392731837,-99.38155492692084,-2.602372026346245,435196.74790850654,-0.1229628975367192,9.011910936882686,4.084340951943361,2.1565141984644427,1433.424280991143,45.48918325033264,-22.5409869236787,2.49684926949908
2012-03-30,-0.3475760115578004,2.9250673353987,24.85568801707127,0.1265122101595218,43.56066689733746,-11.581521080602812,227.4868814852749,128.5147161062599,8.445190347931687,-3.2117847670903883,1154.55042394225,-7.23640392039283,13.957624648549086,114.13549045773486,-40.5651513828235,-6.5398012196794255,-6.604287314142811,-16.460986202892826,546.8853374650105,11.936305558002744,-174.56026410584718,1.6151307717489658,0.18383399199368,160531.08939206228,-0.0009162467360166,0.5837518879268657,0.0809376626309976,0.0736155606726853,10.43003218845024,-18.56723522324592,-84.95682671033975,-2.122316882954041
2012-04-30,4.311020659250639,2.0668375665222234,24.799310697602102,0.0632993673316856,-36.58035745265607,43.30593150331783,35.28807251927241,124.41961279331969,56.1867235571216,8.408413112221117,1149.898681565493,-7.196183859545355,12.211112989534854,113.7798332031947,-40.40362827315696,-6.5517250616916005,-6.498139898152844,-16.414228261859094,544.2513645195927,11.668303275835214,26.02133834445658,-1.935837411030661,-0.1959237714719179,-174436.93930179253,0.0005974118094348,-0.7185769285947572,-0.0917335228229987,-0.1137216080738596,-23.221821301641285,20.283309882169306,-13.869606435566538,-0.3475760115578004
2012-05-31,-5.229528753997188,-0.5762363211468616,24.811482836443403,0.0049189439843741,-6.70711372023395,-36.56795461221923,-11.531257081644242,119.17299275024178,49.3481411910052,56.21130311926581,1108.4678196079783,-8.55390976514127,357.6284688124267,-75.26058541064853,36.343962639408254,8.179438787798622,-83.20338653614417,9.060798088147164,547.9579446891773,12.083048089501307,-38.20609660691207,10.141241027362357,-0.815117415467121,296469.5772702545,0.3344536386119175,-108.99209645044296,-10.290874742391736,-12.930304373678954,-1431.781054793683,33.741332364857044,84.84955336232959,4.311020659250639
2012-06-29,4.810634572011365,-4.324840490059504,29.199544251792837,0.2763232841742983,72.8707573947703,-6.706152943711669,43.46176348723255,123.7100566332824,35.1338814765336,49.61690655721876,1114.853517057592,-8.591017922263543,359.7625640794083,-75.7797412305074,36.51865704671765,8.253668908771209,-83.6497825131032,9.138436922797965,550.7896507925029,13.967060315312146,-45.24008699004423,2.3948989663947486,0.2248761789053688,148343.20018689707,-0.0004021071561668,0.1664963693035375,0.0782708463476105,0.0241961766419978,28.62078033830312,-23.660210201557675,247.11729742879163,-5.229528753997188
2012-07-31,2.1650171382958683,2.570585092728207,21.90223655327507,0.0980998535909474,-85.22661533401117,72.0501474361752,-36.484271868101686,122.47565872630588,-9.699884459595353,34.800728558522934,1102.7263901905758,-8.521829268937255,356.2047370424062,-74.7200059813725,36.24070866250952,8.094347590491953,-82.92368239510475,8.978219203779979,546.0183226725374,13.702688864774206,-98.30511144829376,-4.308961706303592,-0.3714440972090926,-202486.145879928,0.0008647723445911,-0.3094897164479704,-0.1342045513899084,-0.0393597618808456,-47.82718445822411,39.37463341718376,-9.871638433699957,4.810634572011365
2012-08-31,0.3584089751081126,0.5322527784138322,55.06978437925848,0.0041882749602833,81.68170466046902,-85.94017440665948,-6.834187326667859,135.3293510993649,-73.2082243489188,-9.781010687772792,1060.1683190139854,-7.472450105367247,248.065660017507,-6.012286690200813,0.3182890540435479,-1.009517663071822,21.99545065137036,19.028135145475865,550.8577120095434,14.361871052889985,-17.81145057627566,-7.466350492096694,4.368704680208751,765175.4846595861,-0.0579654671360988,30.205273629050552,2.954399818917077,5.720848052247653,1154.7457114614265,-170.24101596256332,-26.13096657363508,2.1650171382958683
2012-09-28,-4.249450072629849,1.7055472907905649,24.892234222283975,0.042941940831176,36.62944571574074,81.9009093356887,72.88920661597221,135.72686373151643,43.85447687700473,-73.42178656123014,1063.4405851346555,-7.483304694806199,248.73027168185388,-6.089596380199424,0.3046980953726979,-1.0153530664519086,22.06445095871016,19.06109680862764,552.3508566423113,15.618280645914048,-149.99619670341326,1.2702222402437542,0.128429809346791,73176.3915139623,-0.000462404801386,0.1669073150725353,0.0446984810955441,0.0259383771227117,17.154907578486018,-12.932420065999397,-82.9750016339566,0.3584089751081126
2012-10-31,0.8778617282998248,1.8245451733696336,33.56892254037332,0.0491374446779347,5.258341565075144,36.66620948312273,-86.44025113076688,135.76421838974773,9.043618143493614,43.85926433257536,1064.0812540110423,-7.466931713531195,248.82633753665127,-6.295416095463445,0.2666690507289657,-1.0230794138225452,22.11324674078809,19.01247697151866,552.1110965083824,14.303543292134169,267.3183214155935,0.0324609711403809,-0.0105195104261142,-45573.11765053496,-0.0003766877345241,-0.0322012450375126,-0.0182794215035357,-0.0162907904681173,-0.4242052127901843,0.2635544138993282,-83.42894643988879,-4.249450072629849
2012-11-30,-1.1534037912724742,-1.1994786462347151,24.81744286394917,0.0212966656841212,-71.43959132435074,5.297877594792629,81.3838436192357,135.01399223210456,28.7738154957539,8.992838608828869,1067.1675474370404,-7.025835977989415,129.68457928316616,-24.611347340560627,6.955910674000835,14.949870996598316,-38.25305035805428,-6.746109101284938,554.0614967142377,13.138845202580953,136.237221344359,23.782651324473647,-2.42203052919335,245909.25232553852,-0.1842976149260273,43.56015694148914,0.4318202567741096,7.191637238725313,-1692.4367887294757,146.78767138372586,-108.08354207071405,0.8778617282998248
2012-12-31,1.8864976255867376,0.5245270650004754,30.89921676701608,0.0040750289364878,14.925233420216554,-70.96170744172086,36.4556821960159,75.38525476807484,30.738694168470577,28.737260832202843,1065.7699217480354,-6.9845451966178445,132.241850922363,-24.69354588263834,7.008638717622917,15.063081078695244,-38.078162390305216,-6.348419536412404,553.0718608589327,12.826913255528368,-128.98383400416276,-1.0382006057322997,-0.0277996519200769,-68951.7934185639,-0.0007498596148498,-0.3318234119648622,-0.015438154746711,-0.073737579495944,-6.067537154442107,5.225107537672557,81.548475765654,-1.1534037912724742
2013-01-31,6.323144753434088,0.7909764502704422,47.617586776660346,0.0092779574045947,-18.76575254785696,14.898162558722786,5.4449596846988975,74.0013915226245,-20.21656412337833,30.665228317263693,1063.2290414983709,-6.968788868298875,131.80352707739547,-24.57086143203573,6.995324224234577,15.008270021990388,-37.978538882035664,-6.324661359488813,551.8036751316145,12.62399520125506,-241.39091579305816,-1.1224246218785083,-0.0986647437942309,-59456.92646136135,0.0009438905986889,-0.2571697107445203,-0.0374860009219091,-0.0414110786417829,-9.980718884713497,9.92694442645643,-5.352659800188871,1.8864976255867376
2013-02-28,4.2352502634156455,3.661232491982301,45.712336836345024,0.1984536437514316,31.47848027685672,-18.83556214479261,-70.9368363767583,74.98021008991029,8.874892434077648,-20.282402445323367,1090.1775919615309,-5.71185248167252,20972.266283841305,17.74585552754496,4.650094582051329,-4.006899598198152,9.712997158914938,-11.501563393233363,548.1717038133381,12.565701162789075,240.7223119343048,2.784819043699258,-1.3588370649397277,296273.3016321175,-0.1038357257275082,32.363792808315964,0.7738125672299567,7.281738738567441,829.9934864680808,-48.72486444334572,-8.652596502083107,6.323144753434088
2013-03-29,4.022547418665578,0.8704461728532651,24.946338050705823,0.0111569470504359,107.2315433453626,31.832649873172244,15.153385624525622,88.61867954269832,13.543174452569914,8.970041382617907,1101.8760203102552,-5.775742191545643,21258.71538202381,18.057854405635062,4.703366102004796,-4.061653419407854,9.778085291973536,-11.608431209553988,553.9027214814306,10.201857051603175,15.8611956756705,5.096211074858957,0.4351466814444293,305900.5627098717,-0.0050559214776627,1.5074214616882102,0.2122558591305789,0.2767639497937466,56.94264593425032,-46.33210749605587,12.173055689267285,4.2352502634156455
2013-04-30,0.4641451408092297,2.6922618109619867,25.026060259783023,0.1063689302151086,72.22270126527593,108.00259931798766,-19.2440105188825,93.47872024059508,63.0061996311272,13.634535166414274,1109.2784965723367,-5.801994815976188,21527.1747745498,18.422441188126854,4.743231949310129,-4.112974771066374,9.834031135485208,-11.694972649860134,557.3989863110745,10.157664450992923,-116.54951476082095,3.072367413292568,0.2818448275853455,177192.12169745564,-0.0040317410410578,0.8626623554363562,0.1559323496443525,0.1526377145430686,43.20038403749823,-29.72861869461576,-2.8366044988418477,4.022547418665578
2013-05-31,1.569798542843621,1.0517647564227337,25.123224741007867,0.0161773010388236,68.78847406438956,72.75186293460949,32.37661847341331,96.67016224765008,15.002031931194516,63.44222459147845,1148.78295153427,-0.0954273662255652,52.24566891049412,-51.05025817028193,-26.7060719661115,-7.308342613577939,-61.31843013618188,8.936447329527102,564.3883541407827,10.967047375628235,-67.18984030462724,-74.98795581896462,-1.0319508028860724,566420.5732522905,0.3853332843100634,-113.32837721237355,-7.578033040675317,-20.864835538848432,-260.9367237705492,-75.8442221780424,99.69110481675312,0.4641451408092297
2013-06-28,-3.042288294545639,1.888928735706468,25.121992937742466,0.0521630825499161,8.836660768205855,68.80117876087833,108.82035251286084,92.45494345886944,46.275304159952,15.01257649359486,1149.87355122196,-0.1008888127406415,52.36126381596639,-51.08528799977667,-26.77657545972542,-7.293665529906733,-61.25290060226188,8.963324177644738,564.9179749423449,12.705480681789512,51.34308173877412,0.2935010351811229,0.0374515764928986,57015.84640876949,-5.630963476437045e-07,0.0268150741068282,0.0101050845830865,0.0069010962383719,-0.6326785500605183,-4.256931329316103,101.19696450328333,1.569798542843621
2013-07-31,2.16342715850064,-0.8266681014988888,30.725187048647577,0.0099800178091224,27.590245068612564,8.886459166449672,72.9066319573714,93.03840264236872,18.05454985780468,46.37636571949165,1152.3921037638252,-0.10855495490539,52.56024573609642,-51.15151887350464,-26.852308723901743,-7.306945371257117,-61.25767439349363,8.97805660097131,566.1934643932227,12.866603809852728,87.25999734518348,0.7698547222273646,0.104815888537928,91430.4895926714,-4.401081904239351e-05,0.0551809399509863,0.0262878696710586,0.0101817324364263,9.476888111841618,-10.78301147600814,6.402443336429855,-3.042288294545639
2013-08-30,-1.1166694979375476,3.75346475969121,29.46553593705768,0.206296271368381,-51.033733779970575,27.48497912644067,68.52893097327186,84.26929863848756,32.24544977829316,17.96007797883954,1155.6707605311856,-5.636881569755794,-215.97040436563265,104.11245380016172,-13.658127220363957,12.694349340567248,86.26713233484617,38.62241320456464,562.6906846567322,12.550609832443314,-131.91070391433118,15.923171124822602,3.5525330448947727,233559.45317819715,-0.8229256348289837,33.16282835005426,14.50113169317385,5.983294830142549,3147.909956416219,138.54977541648623,-44.26802078290666,2.16342715850064
2013-09-30,2.783157721132276,-1.879009822739891,33.907683480267266,0.0516238726541474,37.14512978633728,-51.23650727825333,8.920007022566846,86.52684019150979,-14.1380712262667,32.339827818194216,1158.924204791751,-5.647045653558186,-216.36140202776488,104.39631125098042,-13.661567998000049,12.721037542402572,86.53978223229709,38.73433949766692,564.3662107063544,12.160363738310926,-78.49486439439056,1.2210937970741045,0.1385353013712489,102472.44425708055,-0.0018362691435812,0.1899403731328277,0.0717761165429777,0.0341359862378354,19.114623378045508,-13.15685175708586,-97.2683895927354,-1.1166694979375476
2013-10-31,3.361122562344556,2.5281614426538543,25.09343684619556,0.0935589768543452,-19.23172673135361,37.07574551551664,27.524698777406783,86.34594004120461,64.22061371981958,-14.106379135097216,1156.2925057416046,-5.634731143251264,-215.86696079655087,104.1186349372222,-13.622754664508406,12.686917009996089,86.38028705998306,38.64173885571424,563.105405918763,12.133544698405696,14.760725674330615,-0.8510895188928771,-0.1071207811162793,-82264.79691000283,0.0022323185958479,-0.1219231637019078,-0.0631369542851736,-0.0219481373584304,-20.26844046933184,10.46165784054483,-0.1859952757004563,2.783157721132276
2013-11-29,2.4459973172754026,2.8042127052594905,29.54843727400826,0.1148324719438536,47.267141697038326,-19.304910998890804,-51.45977345640531,88.30267046267606,-32.25360441247339,64.52317958781268,1116.598152286629,-6.796257098268523,16.723340065624086,-33.290960523405566,10.60305235572423,19.412076349819767,17.622433372153413,22.001246539844917,569.4706031520938,11.7662375756116,110.62282346839538,-11.08456991663013,0.5088545707588921,505737.30497490615,0.5975002337443187,31.44370009383788,-8.483168330911106,5.1361396280853935,-3234.295847224401,-265.8635635347264,-36.12583511411393,3.361122562344556
2013-12-31,2.9467856917826536,2.1159640996277025,31.47673565904408,0.0652143147366115,56.41988683569204,47.62612484391825,37.332133438118326,96.6746286532387,43.65930749850109,-32.412886838592215,1122.570391172329,-6.820224434806232,16.48149431945735,-33.82635549930545,10.710438421853905,19.66370088179713,18.081312246524934,22.2513949632921,571.9294621146333,10.955128709462906,-196.0602912908249,2.101714530798517,0.1927328212357864,74325.09275523573,-0.002296214124747,0.4374950188920223,0.0902745148904067,0.0673528409998276,27.781948226886925,-21.58700213211705,14.581612258890033,2.4459973172754026
2014-01-31,-3.1426702983359087,1.906162481265423,25.26934354524793,0.052824410659902,43.38558044553691,56.43548749242119,-19.46996487756686,100.05108125363114,48.49708691805871,43.82708152744928,1126.674642934242,-6.853428375257556,16.763674626533714,-33.754227926645065,10.722880727654282,19.653821182522396,17.97621753374542,22.261854070104,574.3141605769397,11.053252233117089,-27.91854605257737,1.5462482032414755,0.1945758856657065,182972.79421002415,-0.0003964087259485,0.3761219446443391,0.0642839243409163,0.0724779818803149,17.449286036289777,-19.45454006650561,5.833029072240706,2.9467856917826536
2014-02-28,-0.6298457988998107,-2.328111208487082,44.12571149181085,0.0786054857979617,51.20426330714196,43.60898876626094,48.02754338704488,100.54943140901436,36.68077501039775,48.73686885174751,1245.0326150386704,-4.815099215501424,156.86862445748335,37.15568748138562,-2.290393343800604,-2.605342377426501,76.96577996188401,11.372624936687394,583.3758431074685,11.146867646006765,458.59890384141335,-24.69498695319584,-1.2725741430434496,782143.3082109839,-0.1060067922443755,17.294262942515303,5.042421338191783,3.423441542616061,-2069.7316019559444,143.69589444559824,-4.714904754215418,-3.1426702983359087
2014-03-31,3.835959142944029,3.125281861015422,30.88337165992964,0.1420480075138552,-50.45637984918093,50.99562890077016,56.10221310635901,85.93142931033356,32.80868321518387,36.48788554816115,1238.019274378221,-4.8189320855771935,156.5141809987499,36.46776018199727,-2.106953420287086,-2.5551570934143752,76.31557143375468,11.39840244119775,580.7529651342938,10.428838870148684,-76.75505681802849,-1.77871982664783,-0.1951639453147038,-45634.61924897134,0.0045726506637887,-0.4539920398693482,-0.2073248492260084,-0.0535009046094678,-8.852192299483704,19.884345723688057,-98.63261021692416,-0.6298457988998107
2014-04-30,-0.7454802604797582,0.2947134059864071,25.213018325897025,0.0012645508057933,-7.572429076341351,-49.87416483815355,43.72151356654098,79.24897421841885,-39.89376895877368,32.74392049830007,1235.051017452694,-4.831949300897652,155.959611896636,36.00088050878794,-1.971457859979543,-2.5185027716163995,76.01854071851957,11.45280016032635,579.9644521275029,9.95077116947622,-135.9142345163695,-0.4829834149497287,-0.0677341508953048,32681.449516274035,0.0028493227859416,-0.0762070051923444,-0.1119620511526697,0.007442023810313,-0.2614722405000975,6.27139991335298,-37.97458164050286,3.835959142944029
2014-05-30,3.7622323780683686,-0.1311643146776577,34.19383735906276,0.0002494492497888,65.62242874205695,-7.792237058263132,51.39351616777208,78.80940026329155,54.14188661711151,-40.21949047664253,1216.485692725601,-2.5313725137806142,-118.57047500324832,-35.815469605090335,9.98058363744849,-3.5117175338042017,-97.92467250210711,-24.894255874081367,581.4622739527512,12.515992071035123,-66.13668482683067,9.145307455386842,-3.390245527507368,702099.8343992531,0.3169949925723559,-87.34333008980421,-2.878479033256351,-14.58875529460216,674.0258682210856,7.733856680996723,118.38969705931792,-0.7454802604797582
2014-06-30,1.3331107010030836,1.403895974994314,43.015885488689726,0.0286264071238116,-12.349368945205562,65.38998301751514,-50.21770710314908,78.49932608073964,5.093920269434397,53.95872846189025,1211.747104218818,-2.5382652497381337,-117.48298529263732,-35.62217802722835,9.935098753880826,-3.50663807269639,-97.4716753410427,-24.67227042237531,579.4569390212939,13.884271646350031,-25.733669258256725,-1.5728564580663829,-0.1103477082205088,-108392.88371950388,9.45785055654902e-05,-0.0765828066871314,-0.0429208011802053,-0.0212820538332527,-9.479094574399369,14.702682380197077,270.1930516565179,3.7622323780683686
2014-07-31,-0.6737661033566659,1.7794582161868284,25.351936996875832,0.0458481108645474,64.83931947694853,-12.433628726283224,-7.88791278573265,81.54967524225178,-2.271784685172377,5.125509595131929,1219.3934288550106,-2.5483324437812067,-118.30443729748096,-35.85303641327592,10.00912333474914,-3.534245934052406,-98.1228757692496,-24.85306140689553,582.9893373963721,14.060516873741005,25.96920799823107,2.4199096311737662,0.2538125553425203,209624.3676842004,-0.0002322826528576,0.1333143142957666,0.1242226364190379,0.0310722125788327,22.353918015228828,-28.307053926696423,10.856273841796051,1.3331107010030836
2014-08-29,3.7901141002179504,-1.4249314423984067,25.38412446864805,0.0293691962758083,23.18814060658335,64.96514508784934,65.93587349508888,81.70736735430732,24.406955404675763,-2.2763980280884084,1149.5719425628688,328.8894122751214,1138.4577780911388,38.44829693690578,-6.211028080271075,18.477454686601263,66.64430272177354,103.02397047890966,586.4383993337957,14.22526718053198,-17.99002260127287,-11.112439020146326,8.16562850265126,606511.0611721873,-0.0777523911771629,26.068638167682824,4.668268232163058,5.088447580462744,251.43219403360672,-166.5175849681491,19.201532325688447,-0.6737661033566659
2014-09-30,2.7392124381825447,2.8684579049463093,25.361222954333,0.1191148567490025,-12.103293166209706,23.118524572398144,-12.469595028144482,79.55089575959852,30.78643420572918,24.36450844977901,1147.5625364455764,328.00927485366253,1139.7563849425233,38.54859673345153,-6.227780562360533,18.510191341759278,66.6291679693719,102.84341911919336,585.3050903116748,13.397363959039636,-140.43090256813974,-0.671075985537982,-0.0947666266749109,-93113.2701516524,-1.3949170379556897e-05,-0.0932363728717788,-0.0170771308150072,-0.0224905104363895,-7.616908232740116,9.131744402076947,-266.79079561229105,3.7901141002179504
2014-10-31,3.1965675699363083,-1.3785365727180443,31.670572632801694,0.0274282344922787,66.26856067330237,-12.160370720440309,65.26494161292851,83.79337436279155,-24.77679786895947,30.972819153025977,1154.6219667054445,330.47201262062987,1147.4868088186738,38.86793936397561,-6.277477554455116,18.637934812247188,67.0558259576031,103.45764259996906,588.8304543907325,13.692393683141308,122.4936471757033,2.2120985967011397,0.3087279627856034,229650.4395219609,-0.0007090926602698,0.2837629742934453,0.154974923081621,0.0600990930439149,23.921838819460845,-29.546647319909425,16.000585749121647,2.7392124381825447
2014-11-28,0.3374350572712002,1.7282629919691057,41.908091757173466,0.0430125176667473,47.51111957630527,66.56102013715538,23.33151181529289,82.92867862671153,50.144030891346205,-24.8885664485928,1310.7505026556703,-4.289646862745664,207.9209014608082,-47.16641647661771,-1.3084894813895174,11.520788930906123,26.520275432635785,16.914154317563053,590.9826282683499,13.77469005955848,68.87222954179799,-17.542285009034117,0.5127958800061805,627596.1743512079,-0.1037573359643416,25.983758974861978,-6.218084236038337,4.428489580358727,-708.5233029668648,19.933828724679188,24.748304073311346,3.1965675699363083
2014-12-31,0.3848536278096153,1.752808059903382,40.78351667341927,0.0441362302146771,57.15754833896955,47.71655976075736,-12.329133445122327,82.03651278230019,-24.143998716200024,50.39031693932584,1316.9138765495386,-4.324824419633709,208.9891542583277,-47.20215480480466,-1.2715714011970514,11.539391107451916,26.584999408474523,16.973317212422923,593.9801123516878,13.035894827914207,-53.48544517150924,1.7428724242495832,0.2638529900658568,220471.7392834276,-0.000695587603813,0.3817749844017584,0.0998166110080944,0.0781043259638405,18.62176041071825,-24.35186594654442,-127.19018246614584,0.3374350572712002
2015-01-30,-4.709685824450133,-0.0417809552175144,38.06491939010876,2.5076096712035385e-05,6.6086368514862,57.23606963783079,66.86574729145123,78.5258523568057,30.20546774921741,-24.147940271224694,1317.4246003086869,-4.329631147117872,209.2192910207367,-46.90714814191146,-1.277447543283711,11.49466481850879,26.508557017396512,16.923569597649013,594.1907544685604,12.95272753873799,-143.75873394421274,0.1397517360475717,0.0098824850028833,33380.0276588127,0.0004011397303993,0.0334103200325444,0.0059708076097457,0.0113885814969645,1.0490768026274964,-1.3707607764672505,-9.041710916604115,0.3848536278096153
2015-02-27,3.2694612255847986,-2.2000135987623173,43.20838195642917,0.0695069471381376,6.669095407589286,6.571006261895077,47.73833958354953,77.27498730829913,30.578062980798407,30.22276051768628,1331.567865704207,-5.131289698999132,-23.92197670186057,87.12056216858471,-9.449729224281477,-13.921347011730573,24.17390279800043,-33.466018070903566,596.0301389568336,13.032702116196266,330.4469982876236,-15.079330701004324,-1.9016827827010587,532969.7212218866,-0.0864019869932408,20.719753388140447,7.393991180324257,4.216507643658568,399.6238475638506,38.58524041869805,-5.162045206948648,-4.709685824450133
2015-03-31,-5.57644412509416,4.133010239530505,31.68028242292036,0.2462810850656265,-79.76922178062793,6.630276792522218,56.90494557564688,76.6705523031381,-0.7232058248421631,30.34179143387689,1321.5301304448144,-5.106260355243002,-22.646955485115196,86.30722612211035,-9.349356371209144,-13.748028834069748,23.98197405086536,-33.136978295909415,591.5949092994217,13.163522022530769,-142.03273644798224,-2.881699086118772,-0.3432063595360048,-231302.62860694528,0.0031559905648945,-0.7512527710456283,-0.2192338480197371,-0.1404479155411451,-25.62223862779956,35.0898048482004,-43.55832090818285,3.2694612255847986
2015-04-30,0.8445264585264641,-0.7829404555037245,31.756529514485045,0.0088184088931192,56.40661741992624,-80.1776065700093,6.561949264690105,79.25213284717034,-38.23693589910945,-0.7263765340058362,1327.4826391377096,-5.12263564368202,-23.261998264256,86.7360795748701,-9.384896390549962,-13.833974598517312,24.08692672232665,-33.34143053387852,594.1131221964084,13.015785661346731,169.85994770320934,1.639628551795738,0.1963498616430854,141263.42090099305,-0.0016104964571364,0.416026897373456,0.113464829252706,0.0825384001281257,14.648685804064373,-20.18427767584581,-22.59575173874268,-5.57644412509416
2015-05-29,-5.259172754150708,0.4073723007547404,25.4262349310629,0.0023964340253029,-96.17986062883168,56.04415482053798,6.458991233057865,75.1989281543658,71.57571419399397,-37.94931680472975,1109.5257828275228,-6.3193165771702215,110.3678317015941,-30.045274496777203,0.5946582223248891,-16.168632354806334,-187.51743394567245,-92.93603350315226,584.3184235866318,11.899751148535769,5.549773028260688,37.19115794025129,-6.986759637577627,-8640.160545475781,0.2615868435422908,-72.06700757013205,-4.56364219089301,-11.805576633592368,4211.370590026736,172.61651721009912,-125.90320571974434,0.8445264585264641
2015-06-30,-2.491108468899981,0.935072908788762,29.889604409781068,0.0126312921506188,14.46013265856348,-96.02022289911416,-79.61428527312421,79.12430660326996,-13.517447059575568,71.51510098728195,1108.897605705532,-6.289032210462365,111.17930470003895,-29.94536104385191,0.5733856025685418,-16.179032243545706,-187.0863588895574,-92.68448009164696,583.8023516527189,16.17524765456401,55.84622239333282,-0.3638008853980636,-0.0209617206512575,-55015.38662508875,4.254450304139873e-05,-0.0176107685397965,-0.0046157475213775,-0.0128005754048619,-5.276032380376819,4.310843939805636,524.047356027925,-5.259172754150708
2015-07-31,0.426453310937632,-1.0623259035760952,36.56981200052962,0.0163792092612404,-88.70196985249382,14.371213691783588,55.33574863234141,73.49691782783182,6.995776247254357,-13.394405032765633,1099.7077655380922,-6.240752012330502,110.41167766658803,-29.5965055750357,0.5714409987992282,-15.932129780731708,-185.24328851779023,-91.8479856620538,578.7193165720031,14.970345964572456,48.19495604754548,-3.663895012345279,-0.3615037468234021,-288247.0127001703,0.0004618215195254,-0.1988457818081244,-0.2008831482716573,-0.0558657863132161,-92.26137720752013,40.54009026905624,-99.03751606360584,-2.491108468899981
2015-08-31,-6.751743958199616,1.0507898048143125,31.41485233408659,0.0160588249973501,-43.8124845244749,-88.40807731502073,-94.74127252821492,72.26581719714284,15.995883139017913,6.965942713311371,1238.617774152211,-8.114973187173531,-134.55306614441344,-17.931328073137593,3.113065155143783,-7.459721735747053,-32.699413529858404,1.852070532305584,577.7087512841808,14.260823654275672,-82.61652953058604,46.20664939097418,2.3138570193260506,152751.8166500777,-0.0945314034526038,33.47483506233687,-2.476802888022643,7.381878540369776,-2227.963286117182,-101.03301639730309,-90.67614954505576,0.426453310937632
2015-09-30,-0.3500091273632438,-4.283562394311662,25.260077782982904,0.2668703329461168,6.724864250662073,-43.651436856887,14.216661819310556,75.11134790485377,-18.25461368106637,15.993362900149226,1236.839389694597,-8.098538999472382,-134.95306490226,-18.02419352741529,3.146510799957575,-7.536064055902942,-32.96134338369699,1.6526722098488484,577.3293014057217,16.32193217703937,210.4726853201981,-0.1961352847673652,-0.0115691417328562,-64006.30128670484,-0.000654587502941,-0.0472206568475499,0.0131178956504278,-0.0146413286978859,22.29762334701354,1.9543308535085089,5.989226639866772,-6.751743958199616
2015-10-30,-0.4739920637469886,-2.131131031350032,36.82975106941471,0.066451047061411,-115.7844113486792,6.725006468416131,-87.57661124260474,65.28982289436377,17.877738517239536,-18.036398666023874,1221.087184122186,-8.001609108149665,-133.7255609489576,-17.856108429115864,3.120110883692115,-7.473670552361352,-32.58290125256999,1.661120632271615,570.2997282172798,16.127737049990643,-161.84433029953618,-4.913844117998963,-0.5443475410336305,-499676.44821737707,0.001321953151628,-0.6762418568602939,-0.2137299328115318,-0.1788490365374482,-58.31828792803026,57.06782141681106,-1.5519116002192137,-0.3500091273632438
2015-11-30,4.537585453287073,5.098976253445497,25.086400123945307,0.3806056532084457,-5.02454433188659,-115.71412083471674,-43.07119345067889,58.19528118832979,-72.81068122196736,17.860672577640614,1095.2310025833724,-13.31361388733836,-186.29417452630284,35.510740518015616,-10.47593805906698,20.45209634463238,16.585057032683714,16.622746738661732,568.6081731159757,15.960814165045749,16.688332426538068,52.30947012825152,2.183646752536724,542792.3980933353,-0.0825928667608935,41.7243976826791,4.414957752751136,9.066542103765364,243.91490636870367,70.1720158691387,-8.673767529520504,-0.4739920637469886
2015-12-31,-7.919440303400563,0.3810860629269475,52.9294502977802,0.0021281287379173,-6.150171325941486,-5.000633151392215,6.421936828847073,50.48186573279349,-36.37301553201157,-72.67463055906316,1092.8170024443498,-13.287119047185715,-185.21541537964512,35.65102377445192,-10.4308673881262,20.187180847195084,16.07046871406422,16.34856118696304,567.8551109327444,16.907853279281635,-215.4885494968728,-0.6453403487481069,-0.0816975474022214,7816.888199292123,0.0015135487956934,-0.1108276614491359,-0.0607978298408085,-0.0081565735463371,-10.993479818090236,7.1744703930944524,-74.93714625326413,4.537585453287073
2016-01-29,-7.520178427741555,-1.502602790780088,46.95779421919851,0.0329621385402304,76.06520705262365,-6.178030623599545,-116.1434634387054,75.82715931951789,87.70064544962977,-36.635508168541286,1099.9870764923076,-13.354744789847562,-187.38130950579216,36.37334407881762,-10.641593131499713,20.42492336957743,15.976228151983962,16.458388767300214,571.702173026956,16.69340072059649,-83.80504703513498,4.478283191152059,0.2503086559935852,159070.09050373733,-0.0022250923831234,0.768310236496319,0.2175669426950186,0.148722525906507,46.95440256202073,-29.715072429061365,-25.831160996463524,-7.919440303400563
2016-02-29,5.730477694471606,-4.041656254255923,24.980235160448256,0.2401773066637603,-132.17019668478298,74.6993104361297,-5.101151852112371,74.67155589576357,6.470245211158868,86.48447529777621,1173.6309026670483,-7.596218959352543,-43.902096571657054,-3.844531200642572,14.640464624268365,-13.585601043072062,-101.65141586056218,-70.7318854956005,567.7450973157307,15.41788993432698,215.6482518182803,21.62822320231345,-5.112795409904415,-83474.01400978118,-0.0958607058668459,38.39825441384454,-3.050184061216566,8.503031277311521,-2283.7221847418537,179.608732480845,-63.4865664670188,-7.520178427741555
2016-03-31,4.183762786206601,-0.0540634303802873,36.3899345626577,4.326047961602357e-05,-125.73149056920768,-130.49358833055146,-5.9756452403974745,73.57455455849522,-25.08217350320975,6.385116252500214,1157.2980176594438,-7.505672816146342,-41.648587939586605,-3.992046374828039,14.462057872614285,-13.486845422831845,-100.4820711290353,-69.76970102296087,560.1435312978965,12.20925190691793,-44.110142285335314,-6.783942361797585,-0.5062605366852111,-520928.3891953677,0.0035388928787473,-1.81129907487923,-0.2522056644839203,-0.428127588948179,-41.56760290730245,58.06208276739653,-119.50420025143548,5.730477694471606
2016-04-29,5.61717192399275,4.566017016176893,52.58553406942824,0.3071637959225504,97.06632835031358,-126.64054620871366,73.91368163206178,88.6635089368245,-68.56355816503539,-25.30998805525712,1166.3364617975965,-7.575027237586885,-40.03443706104481,-4.407991256452382,14.621176848407488,-13.729823470909388,-101.49348272429324,-70.38018157536239,564.9953099033507,12.327555374253173,-66.564205853271,4.481709743314184,0.378936424246433,291114.0489529595,-0.0038528648406953,1.199313129233218,0.1657782759494601,0.2632092608193233,36.944248604535005,-38.50737537396344,-1.6864368793840754,4.183762786206601
2016-05-31,-2.292386439817275,0.6236575312817143,29.389288522311347,0.0057108452745752,71.4677789541991,97.59766622721618,-132.83228016615055,98.30376981000222,-0.9294953423444664,-69.02907966976687,1193.3434673938004,-9.21784476553007,-38.84325187642061,-114.55870363331285,-12.306936708222876,-15.191956206318064,-117.7928097738722,-67.08775576972263,572.7010202600599,12.56663125620111,70.06639296402159,-7.184653094579062,-3.015933595310429,196642.12931407988,0.269556480955321,-101.69953904685232,-10.182633006720804,-24.48012231731664,2612.017055495536,-10.424879767202585,0.1611946620028845,5.61717192399275
2016-06-30,0.1500787284302973,1.2071563038105158,50.255838455549565,0.0212962670037544,97.01727879132233,72.11750276318978,-128.86733509183472,108.90726953406404,78.87502433759803,-0.9381985065805406,1203.8831181620103,-9.300146870953569,-38.9690790192108,-115.6529025444037,-12.422992542868514,-15.379255914731278,-118.86579148102042,-67.71832593828385,577.9735685374465,14.39203781185885,-16.667812108883822,4.537884112650204,0.3555953337551045,344290.09926398844,-0.0004163997814996,0.3102709074168643,0.0858705488323217,0.0665343049556108,66.65582473201175,-40.85690057429474,429.1989076207701,-2.292386439817275
2016-07-29,4.5088083416333244,-0.0341393463362294,25.073377100878005,1.707120974602518e-05,-39.28428607897957,96.59138794949354,98.20748547541208,108.37807654121085,10.688023922903492,78.51916904622587,1198.3685620979893,-9.258043283624922,-38.96049708729319,-115.1615308039805,-12.368276869197429,-15.345796994342791,-118.2324655189102,-67.43657200820466,575.308616720557,14.14686203441684,78.09434446115597,-2.314985930097862,-0.1680704438647495,-187352.8899987936,0.0001849934543981,-0.1689267921689108,-0.0401543572112164,-0.0355805807795563,-22.72737917901577,20.436322381543505,-16.269812754757197,0.1500787284302973
2016-08-31,1.6244418973574837,2.644027794440305,41.727386630963785,0.1024090397848203,3.959455904158663,-39.31035203376748,71.66673691390127,108.91145721743598,20.58873504391236,10.68670720665298,1134.194422576782,-7.96753146779913,-151.2640886763711,-19.51768212433818,5.9742752896369655,2.668669071445662,26.476819477150453,12.25832565697124,577.9974159669036,13.451721028625634,-182.2302403188257,-13.736128469546998,1.836789886469127,358300.6112447679,-0.0898420427077121,27.98786793183178,4.9979148089475895,6.788432337245993,-3206.3147888345693,-43.50412489164773,-48.73011307931381,4.5088083416333244
2016-09-30,1.6975725775975068,0.3416375160585144,41.33293920794743,0.0017035845912087,77.85808030926968,3.9514720642279055,97.27253936178408,115.29743377625005,-0.5878045458797645,20.73785435704364,1142.1767385229243,-8.025635532349986,-152.352111917654,-19.64223669080658,6.020627037256139,2.690152893080033,26.588060324103285,12.37028867285671,582.159122448164,13.96365482961676,-20.218210819891908,3.513188080907071,0.2878113261234247,271107.50711568445,-0.0010153421692884,0.4574775208294568,0.1080141209385345,0.1018001860232864,22.06187841990959,-32.12300744270942,-4.269074190506046,1.6244418973574837
2016-10-31,-3.5662872188290478,0.1712200766856056,25.180180968195103,0.0004274272156394,28.7182055094627,78.00951339217428,-39.69722946492539,115.59594845565158,45.63192725037965,-0.5891225280364091,1144.9187956353362,-8.044297547666641,-152.72261378667577,-19.70962590316595,6.034574231277743,2.692260384073795,26.728400602670828,12.380297959236575,583.5016714424987,14.0363622446533,71.44393429740643,1.078404688855187,0.0878600186880405,102254.38604278862,-0.0002120832938137,0.1392066077266918,0.0261971229766704,0.0343227701648309,6.661240494650883,-10.35106690394241,3.678175056986902,1.6975725775975068
2016-11-30,8.076106924986732,-1.4010854382236713,29.63783541257041,0.0285859361229118,30.476281371683942,28.80384789402693,4.044916630165638,117.5364553683929,5.8897025992183405,45.74751369565258,1109.9517481508776,-8.85126161324537,-124.54504060832303,-19.662618188638618,2.734388260392496,16.466928730584293,35.408383351643714,53.61986282162571,585.6640452876031,13.770900297038184,93.82713631257752,-44.47675756821212,1.6207996883617923,475202.6317054555,-0.0986017498640032,26.98635919093724,-1.0700415770043872,4.884190373132363,93.04129752436576,-20.731900654760462,-148.67483370154966,-3.5662872188290478
2016-12-30,0.0569159825047137,3.247902560156551,45.90484588873008,0.1541172047880794,-61.28859938976458,30.406540515392265,77.74684945929293,116.74312232574572,2.929075800250116,5.850881119475847,1101.8704989986195,-8.792815760494534,-123.68631456725656,-19.68492287378437,2.706061857715901,16.334085944091832,35.12169986730778,53.09724658963048,581.8146251968066,12.825805859334023,-95.82308869238511,-2.587815662939988,-0.2944377716385489,-291878.4804099202,0.0015756429095181,-0.5516016111881754,-0.0960297671955103,-0.1221798903847037,-17.8753188736182,30.629296642264308,-67.61385063460237,8.076106924986732
2017-01-31,6.54028270169401,1.2421919360041036,25.315676498606305,0.0223979089921977,142.805310202337,-62.01563057489999,29.00454739555849,130.96842063397924,-24.256912909770623,2.9679406616245227,1116.7325577654394,-8.927554105873284,-125.46842730748612,-20.232135460229703,2.7458255048234896,16.35599359886875,35.57317393939142,53.69178224163877,589.8662788565724,12.943962561070544,-146.25363378878143,5.699989752020542,0.5623627660301125,619844.550156787,-0.0017788318291392,1.226968884004222,0.1512385112256407,0.275403588127503,44.13616633788433,-61.52478352082653,-3.012643957257424,0.0569159825047137
2017-02-28,2.2670061003903847,1.323118151411641,20.87776901081704,0.0254125079908752,2.7011468588010814,143.00380370171254,31.16084749682045,130.98717815052447,56.41720610534647,-24.25779059294867,1000.307876845368,-10.386491768329694,81.951526484017,54.94628265330712,20.88188484308016,-2.549483128470025,47.834305296880885,29.293247410025884,588.2432874774616,12.13370682433445,583.512300512529,-23.535069902897988,1.568416604040209,414326.6086768508,-0.0786053966575099,21.192567974354414,3.5221951093346533,4.835101736097162,718.5788974144007,42.260272421729496,-13.759429601485678,6.54028270169401
2017-03-31,-2.926418964867528,2.42821516875596,34.35621252517981,0.0851421214661021,116.42542132630794,2.777226007402916,-62.27310332537377,151.32118894970148,21.665914718659348,57.01726632290321,1012.4246571494676,-10.492948525884884,83.47533390670716,55.51935702876856,21.48018632073664,-2.5534345832256435,48.98928335922082,30.28178147096308,594.6904457578486,11.903794923906029,-321.7702759272455,4.475452975209635,0.4631132894621288,443607.1689942926,-0.002220847216083,1.1695905670023166,0.1733512745200123,0.2625966882856048,37.75127563262686,-47.64724716336332,35.10304363867964,2.2670061003903847
2017-04-28,4.156920477768213,0.1177569203475963,31.64295888053074,0.0001999515642984,40.07506514244819,116.93357192610088,145.37214973762423,140.01327765112947,23.143555339808067,21.727009080130745,1015.465248237321,-10.519572633934349,83.80804681919422,55.70557579436712,21.58605254472238,-2.5605847071502184,49.265127949590536,30.454569083059308,596.3505804804379,11.957823971367402,-104.56144139557694,1.3068881299088275,0.1163671615181982,97565.92303722352,-0.0009409733895474,0.3217931995625065,0.0483920584441399,0.0676289230281597,10.079845824811857,-12.420385095600976,2.9372808429054515,-2.926418964867528
2017-05-31,2.8840745982575147,0.7502296303067054,39.13765266574224,0.0081291204092149,-50.31400765210684,39.93363581911488,2.7824905874022328,133.0183224697788,42.11536879640433,23.069182749554155,975.8245329225608,-6.477587610018424,195.58251171915757,-57.14954086223223,-27.295436571114625,4.722052115447527,-59.29074825657058,-4.397046690439231,592.348048208155,12.089082925884188,320.1751169464751,-29.234081191178063,-3.0269575507625035,140364.3021819368,0.2886889777131199,-86.95681980420781,-6.86118137811868,-18.77329909267633,407.9304558737768,25.620830623343863,24.10542806178578,4.156920477768213
2017-06-30,1.0971556538685658,0.7320255791917878,25.56365424823281,0.0077138984554323,73.37257998227086,-50.64627779031719,117.44597530329328,123.13817575734214,2.053037284062857,42.39511024104277,982.547583922293,-6.521604474126045,196.70555556010825,-57.55220841327565,-27.56293931968351,4.747876130113779,-59.71908152683999,-4.50112505919488,596.3205903246195,12.536164833859504,-204.7335082560371,2.5315937721544515,0.272339797197823,276323.8056894094,-0.000213942166961,0.17819295905133,0.0630947380880222,0.0368887166296918,27.00056793871317,-30.09583867620222,190.99751769679395,2.8840745982575147
2017-07-31,-4.446867383855976,0.5406329012310559,25.632239289271837,0.0041979692441843,50.439583585862565,73.71855209328625,40.44383003951123,126.46004507891652,13.15930087931781,2.0621575380767805,987.1456684903706,-6.543361100899442,197.91705921560185,-57.79279010308159,-27.750546908674096,4.7806588493203215,-59.94618345951974,-4.5242450901925135,598.8741541828085,12.584277950140596,-236.58284501201055,2.026077516240889,0.1648578818170207,127703.15724229813,-0.0001388466015746,0.1171732665474962,0.05091988055662,0.0227446766896095,16.753697200812894,-19.19698444633741,0.747648694052117,1.0971556538685658
2017-08-31,2.146181593526353,1.288910566080023,37.52232566793219,0.0238631723936063,18.065901198549213,50.42711922066087,-50.770725036219446,130.58060657843177,12.792093892153927,13.153560343562834,1112.9484357116453,-9.772077545384054,414.077238736204,-21.05023642367771,10.825676793774017,20.25072046714921,39.0264619917825,42.22370384625166,596.2365126463969,12.856884774846376,249.62450355598503,-41.569852116181096,4.098913561985,158693.99323070794,-0.083565515727423,20.00051569151613,2.216959174785881,4.880697964174693,34.94138940388166,-49.18573996621853,-1.6787303096965047,-4.446867383855976
2017-09-29,5.530386457012998,0.1107405412874882,25.53152801755704,0.0001768393775628,-76.8871817529359,18.06080164003613,73.07178110679396,124.49419589729014,9.352470488430283,12.692209343194955,1103.598247503333,-9.69310924375766,411.6741707988042,-20.852360421646075,10.71286935516107,20.200024033303155,38.85329239564898,41.96951054371375,591.4405965921414,12.374854882505108,-93.74592260016244,-2.6542000148031093,-0.3549456828993982,-359324.1672150344,0.000620188445679,-0.3606213177119741,-0.0862486714458814,-0.0850005947871661,-33.038291505614325,36.92836948574859,-116.80853834203236,2.146181593526353
2017-10-31,-2.1692253710153184,1.7203252353373737,31.25468743219687,0.0426085797540175,38.79777116273961,-77.17955973860867,50.180220785652736,125.8917509493241,22.371074943378737,9.3824927694121,1106.868545220797,-9.72063123082459,412.5575058449704,-20.952774593324985,10.76340049082497,20.20581706246012,38.90153246895717,42.06461693630647,593.4024266566394,12.30709036586347,-194.1639923033299,1.207239584931358,0.13867527727799,147993.1408751309,-0.000227941311253,0.160620269609538,0.0295396610472842,0.0378043777600094,14.755933984502915,-15.174209537826757,-9.055404761896677,5.530386457012998
2017-11-30,5.709104477067681,1.5506429525432872,25.66578701381708,0.0344714400561172,99.11000522340392,39.180935944934944,18.082953339223916,136.8937394682875,1.946072014973744,22.56274663471421,955.6210767084924,-17.988931802046217,472.3226802765875,-30.078055494730958,4.671395545902443,0.0804986523280631,75.90352549713869,-6.264692880099004,600.2006166100664,12.36964879640163,244.36907083811516,-16.808066614081213,-0.104769996973637,616611.6444969773,-0.1268289311749002,28.910651827539468,-5.975645655911611,4.869597395715024,868.5000418455402,76.55820928708181,1.359662056567437,-2.1692253710153184
2017-12-29,0.5664352716615892,2.1362780728736133,30.0503338510884,0.065580889305381,-36.13960883261539,98.69853795558812,-77.49063301401067,136.20618990361285,30.04355072941731,1.9370333418726664,951.3917819550596,-17.889392304055054,469.4792423371272,-29.924924601267723,4.636428217715746,0.0799066464573417,75.69891403943976,-6.123694865457808,597.4977952379545,11.620445330867398,-0.4361313158746043,-1.5803458004564843,-0.19978644839275,-160668.45758745074,0.0014703458670189,-0.348612600180914,-0.0426691067498019,-0.0635075342052502,-28.08106691271587,20.20386741592029,-37.83990861585266,5.709104477067681
2018-01-31,2.285411838880635,0.7363955120115373,45.334511407739896,0.007757468405368,101.63278780980976,-36.51540125513327,39.37833092339028,120.12789014060655,27.211151406956883,30.31697043720895,960.1926258971724,-18.06390703238508,473.6790917884808,-30.188783431091224,4.684584628556135,0.0806310915452358,76.22881050620137,-6.231441260342702,602.9522235375683,11.69992472613119,-216.60474848554395,2.964875146800296,0.4138143643775436,389563.5868035853,-0.0021475986320793,0.6770682699157646,0.0635996253019532,0.1388183697098775,47.42998561322384,-41.16555226773653,-2.878506583808125,0.5664352716615892
2018-02-28,-4.194426710694364,3.792759430618967,37.65053295787838,0.2057196319547025,13.504189386579236,101.70863402676426,99.780782744842,120.51244444352533,37.607801962429264,27.23366239600209,913.6147231365612,-9.019118520895368,-14048.604916824264,14.483822828483827,-6.657429698615679,1.5195543351900014,64.71110669438961,17.770869722576382,600.432165829533,11.94130139986541,236.1763917813629,67.14540042762263,0.7912088257882814,804628.7727524266,0.2149925613467759,19.32445645308597,0.1093264335861752,4.111809171959777,722.751450576503,-785.7352182845862,13.516380634955532,2.285411838880635
2018-03-30,1.816117847240886,-2.601799172106136,25.766857252436655,0.0966354299418671,40.056537956790365,13.400393365941516,-36.5691122407716,101.31964751513765,12.94968112824387,37.73720324136898,916.3852100921616,-9.04374583490814,-14100.788266847449,14.375465295908876,-6.725105886002665,1.5322878392839168,64.95165344785941,17.825883153826815,602.3482051036073,13.23653051303202,-34.121028389549,1.651527741209918,0.1407744048135839,87263.12839394808,-0.0001962177825963,0.3614280908027609,-0.0004687250807782,0.0603902078626248,21.591317480379985,-17.144955198515163,148.121577418965,-4.194426710694364
2018-04-30,1.405450055780897,-1.6578038089166758,35.885762723421664,0.0393768266021383,-70.4040449196254,39.66300565551115,101.3494117068472,100.60572122504014,66.20035809374482,12.857270450710413,910.2112629402288,-8.985749896809667,-13994.019875406138,14.431526184884367,-6.637301688344563,1.5147436034181354,64.43553470848232,17.716793175775187,598.1953011908714,13.014656113945597,-58.859271150222185,-3.2160790793006413,-0.308448658816026,-248601.9650361985,0.0002613056910565,-0.7162511555487754,-0.0217352274542221,-0.1344435638425238,-43.04677334149346,37.22193119288477,-13.553087290144193,1.816117847240886
2018-05-31,3.916376503035904,0.2021860532791882,38.103626716354015,0.0005844756856276,32.513865896679526,-70.76604394931273,13.395521120179543,101.01121996592076,-45.51756872195159,66.47171536526669,1165.0487313740011,-11.636101709197415,-257.2004513348769,-68.42174271576802,11.621850422209643,-8.708334113071801,-67.88142174641939,-0.192320035914606,605.0852661761788,12.78688437667929,149.89482407424418,6.006187448324454,-2.3405998728246047,272413.0273110792,0.0123797292005772,-72.3824731465954,-4.474283667602098,-14.00219253895622,489.78831197819545,1232.3911345419838,-42.48273884477332,1.405450055780897
2018-06-29,-0.6967362734783947,1.826730024403793,46.62551492218914,0.0477103265972683,27.25009353563589,32.52109149642475,39.86610879453038,98.83058237671425,-29.111011482922475,-45.52105592209324,1167.4480908271507,-11.659901988172605,-256.71411428095365,-68.43101319591766,11.455436272715904,-8.67174627538702,-67.67079796931534,-0.1582476676345923,605.3032369068238,14.320950939502476,-162.7957459273963,-0.148977133347671,0.0064401514461422,22695.08996259421,-1.5374837012143913e-05,0.0098385446299751,-0.019730585994083,-0.0003817087104787,-15.565393385193602,-0.0617574270290788,186.40768187715008,3.916376503035904
2018-07-31,6.264408402017448,0.3354245566348504,37.34948010337303,0.0016036175355928,72.46872787656204,27.529837564559543,-71.09424831876566,103.27911450269234,3.5655690168060024,-29.296866567661223,1176.174133038981,-11.74990197686138,-258.30905515193274,-68.82272939650612,11.422168653720156,-8.676952708415897,-67.98359954819874,-0.1023574175993147,609.364899260543,14.470429705619516,-45.17287893567027,2.422134028118137,0.2880619041221592,329735.43985041976,-7.781412296871751e-05,0.1526274793789674,0.0141639030201798,0.0377008944616923,24.426026381683187,-26.72874283344663,11.718960132313669,-0.6967362734783947
2018-08-31,1.520113887857156,2.1978170054217427,25.79896485523401,0.0689039810256807,-10.564159457198064,72.33334649924305,32.608949301544605,100.41575843594804,32.16258567748882,3.559821222643895,1198.4906034398089,-24.626101126667656,-392.03615550396864,42.68819371061983,7.4314149431959855,18.003812121332828,130.9726788554253,75.84913430762604,604.6223097594884,14.130393690238744,102.90019262617876,-33.534224057103984,5.3396360235950695,188397.59981853515,-0.078196619810008,26.06917695602013,9.068101595714744,5.025297400520769,396.2037883869653,-365.4128049161218,-33.555942458874426,6.264408402017448
2018-09-28,1.6447518307885345,2.37747170948641,25.916012423430573,0.080280429183317,112.40188812185352,-10.658004830815251,27.808173108276485,111.70693796307948,5.937794830666817,32.43823887326517,1209.194603782368,-24.75529965103341,-395.1035466929341,43.18975248633692,7.513203520954731,18.201118208845003,132.16235878302638,76.5919619171138,609.6838827180213,13.668994962359283,-2.456324332824124,3.6860428458892898,0.4066077064923448,305492.3391524181,-0.0008810027880262,0.4194762347218628,0.0942036097215517,0.0844724275849717,66.15435083589182,-38.930950648730686,-156.57819031805775,1.520113887857156
2018-10-31,-6.436239621270007,0.0421365922891027,25.946172751575794,2.518917405859941e-05,29.5685421866937,112.69449406227402,73.14211633079191,110.6233586879809,39.02616745486861,5.951261869948168,1212.5169518825796,-24.804081358684883,-395.6447094860592,43.1662777554936,7.537976629546097,18.195152807539444,132.5534980699776,76.79456604941072,611.1371410211666,13.684351819835712,-66.24417618341226,0.8293263701143587,0.1145982173448061,106049.816345416,-9.1712948811426e-05,0.109945895331748,0.0146888579565338,0.0230764639640792,10.176900548905904,-10.553512418843638,0.6231015742794455,1.6447518307885345
2018-11-30,2.4833545851384846,-5.627411053116338,32.17162861969303,0.4488053853054903,32.956557275319874,29.610191141054493,-10.701115931647946,105.0768275450432,42.12841374227169,39.11412005481681,1221.4077051865036,-16.055612670143745,-296.23916305248963,-19.281632052194155,7.299961714369691,6.434750656570806,61.29316161446539,30.1851024430497,610.1389600465941,14.096053912635574,225.32044724509765,-46.4157385003212,1.1459212702754795,446362.844001174,-0.0667155669095878,21.55478335421173,-3.0284616171067427,3.651599883080042,-2070.348046541604,52.02754444492621,4.028216397639696,-6.436239621270007
2018-12-31,-8.412006542912785,1.1736841874983237,36.08938728610241,0.0196325729247794,-110.14657981025906,32.577279537124,111.63586419577037,103.9283454895457,0.7375425426455935,41.66073105190839,1208.1820644167376,-15.888514455033745,-292.86915476527315,-19.05841523394072,7.228625090059529,6.348149816768742,60.754419151913474,29.82936127260302,603.4221250691827,15.989784054348664,-115.127757355977,-3.874291530927508,-0.5641915183426107,-489413.82031508535,0.0018717341709864,-0.7878038135664553,-0.0964487671032205,-0.1623791109653236,-56.87475316882865,50.02798467334651,-159.0224843108134,2.4833545851384846
2019-01-31,7.142677513925513,-7.042002368213648,39.37383896689791,0.7054295540224325,46.89970732587773,-110.56651911280518,29.46320608220504,95.15465214297436,-98.7739743046747,0.7403679765283586,1213.0956925555374,-15.943496106832214,-294.0422304006689,-19.129883768542484,7.2561132919613565,6.356510014902842,61.10552527070355,29.94887019448088,605.8187677844742,15.896724126025257,-199.5946683416004,1.0730182988443175,0.2055212646178859,199913.68890239295,-0.0004038723758562,0.2597286864182706,0.0284358662000556,0.0551281572000554,15.194812939755138,-16.989962153052147,-18.41614718268257,-8.412006542912785
2019-02-28,4.482125856260458,5.624340868100369,31.42755929391213,0.4532395708438851,-144.97138925375498,46.17359015863875,32.313356240724225,93.53634689058995,20.4191800302875,-97.35578270076276,1101.127399648611,-22.354472010894625,-1342.646189056853,36.92925306341599,17.702719943983823,-1.851467718039126,108.67513585238171,-15.56379800143688,597.3157468938258,15.242640355698054,204.337180978926,58.011601957167954,-0.6769992905208255,-441671.46954353154,-0.080885384254757,42.09670072117105,4.059182375108426,8.541462358002287,1269.412356457009,175.7790520923891,-21.72433124393023,7.142677513925513
2019-03-29,2.1709734333261417,2.342229960113524,56.677757739566445,0.0781697583740021,128.67100763841768,-146.50479107481354,-110.32804025196783,113.0358931889296,-123.64954438089607,20.647192289758475,1112.7191829467383,-22.57927514371445,-1357.665585900896,37.35400051015887,17.864845490215863,-1.8734031620302696,109.81033641531866,-15.787550260762403,603.9845508549149,12.542509596007273,-120.74251904211155,4.390130273102841,0.5640483562677616,520793.68940798193,-0.0026253967364041,1.2472830756512394,0.1408137110472314,0.2673592082187461,70.88739398140751,-48.40070935333642,21.01970117629766,4.482125856260458
2019-04-30,4.553695350473041,0.7686678669436446,61.73777348980356,0.0083919342895817,82.97064141462357,129.39847523348558,47.01017986539203,119.20948780896316,100.1142136505586,-124.45061244863248,1120.3515574992468,-22.754594391264067,-1366.3797080963716,37.66429082664663,18.005361886058438,-1.8796506190575493,110.71535154726072,-15.853179112532176,607.964825982005,12.511466438124923,-55.15814441457445,2.450525214706886,0.3287136932290551,290123.7945613041,-0.001257705751887,0.7340111436168542,0.0774459384355825,0.1431101858354679,36.20013659613687,-27.79605684156195,-15.267596255278576,2.1709734333261417
2019-05-31,-4.377195240569794,2.733162707056769,64.82627276827789,0.1059209711728925,39.51936046473443,83.19636897296431,-148.00106607837,119.70987806270514,41.59660007156739,100.4395557355852,1202.0949368139663,-14.79450268238142,-68.86109273536958,268.458272374224,-52.01448138671493,-7.325446404059403,-74.3177040716723,-49.12066632033911,608.1725837020007,13.608671195118392,-24.435774755549915,-76.63753199567003,-4.915240611138792,1377719.6332465785,0.1848063678032794,-90.43680361470676,16.61011308805533,-18.1443613114898,-378.39790183044806,273.6842458553565,211.15090150726516,4.553695350473041
2019-06-28,2.4335925715635027,-5.079205219554871,37.71979507593276,0.3645430573841258,83.8205305845827,39.83920234418222,130.64925668431454,122.22310931320632,13.700573978083394,41.88173374724136,1210.4171133122677,-14.88001059242831,-69.24197239342917,270.0711404006259,-52.3363617585009,-7.379481204333783,-74.81428146597364,-49.41263937130875,612.2987633014856,14.586559889327308,120.2602911697296,2.3956473740671527,0.3090501999468529,290478.5823191628,-0.0003921449511613,0.1645624887538446,0.1762129540351438,0.0343299006871067,41.0107542805772,-28.479683408481836,261.850188445672,-4.377195240569794
2019-07-31,-1.1635106533576016,4.716429597491851,109.41066243926817,0.3154638542559405,-74.042063992319,83.24186919969749,83.2094757868138,117.09310021368532,48.28702475513671,13.603082351364485,1201.3420990771908,-14.7815176169901,-68.18055656245815,268.201307126542,-51.948032888815725,-7.304253570640182,-74.3372836962526,-49.06331588018201,608.018359584707,14.28437067117575,-71.91080073101443,-2.4389439142281617,-0.3289242839941266,-304508.52724500746,0.0005195437898998,-0.1749781271670691,-0.2001297436753937,-0.0353025477893202,-42.8515317794172,29.140240612948677,-30.368254030183948,2.4335925715635027
2019-08-30,-4.081918196630115,0.8340290088620934,88.7120857490327,0.0098462521131787,43.99027203350866,-74.35426069863702,39.74135701299062,118.14100828777616,-89.75092657264427,48.46211204453952,1038.8309991988845,-10.99532520449266,121.22621643872034,-135.06600449259744,3.69093329019983,15.474680969305552,59.70011743259244,43.69253707272245,606.2255080873638,14.76098857511013,-5.79797757258865,-9.539923000303986,4.459576438527982,363628.6956429556,-0.0714667589717405,23.045063377470708,-25.35590202959972,4.849297896629499,3043.231846590088,-86.08432160368875,-82.67975850016745,-1.1635106533576016
2019-09-30,1.9831021186083333,-1.841802793990264,32.17186980087838,0.0480666907981451,-17.486773979556048,43.89056069964447,83.31556758055063,106.90693157985616,83.47002054170306,-89.56685865229738,1034.264769721018,-10.94595615628025,121.54993934527552,-134.9737999288523,3.611594853019419,15.504348868937996,59.67379811723124,43.69766850020514,604.9446264836615,15.230199274186395,-4.404727457058982,-0.678661512683675,-0.0979910870683298,-55330.00278297067,5.948784091214243e-06,-0.099588163175575,0.0220175187122126,-0.0117995574007032,-2.539535881518532,8.878020187294169,-197.27394772227996,-4.081918196630115
2019-10-31,1.7914788569082285,0.9968703421144184,120.43011517330072,0.0141274167194983,-71.73233208159328,-17.417098613149623,-73.81043475949186,106.1520874263934,14.633085348148152,82.90531225235445,1027.523732832932,-10.874625227752718,121.1159621977254,-133.88070350824515,3.559962990029091,15.535703274467924,59.66114758405776,43.44770157484661,600.6071677023226,14.852902788701863,-24.168749633882896,-1.697140640764701,-0.3527692212609423,-417595.587240316,0.0001407099861143,-0.2916290645072763,-0.0232766178926722,-0.0776975052534005,-41.49606925561784,28.377528289334805,-46.04347036292321,1.9831021186083333
2019-11-29,3.925644836536157,1.4340264709002364,43.31451172595512,0.0291958243919571,36.165815327679226,-71.82638527602484,43.90289342052604,104.13574265399538,-32.43129965284525,14.670774847884058,1021.5862153807908,-16.120633368150177,15.992358523921808,-109.28711994145472,-1.5467785450057276,12.698464731249516,-49.21121881337116,-9.790389294172009,604.8377703582228,13.858852845890052,28.634008503417647,13.242894163477672,0.052117640550449,159350.74512152374,-0.0534543549667273,32.14798397018508,4.275060668847006,6.271364419084353,-2137.9883036028205,36.67241986827503,-114.81966629957748,1.7914788569082285
2019-12-31,0.7838905421196778,2.673993156572968,121.70152373523972,0.101409999691227,32.89156592806107,36.27964850197894,-17.49478609391658,104.33549020360616,17.64590026153119,-32.49532134767557,1023.4220704660815,-16.147280888908025,16.03856717028036,-109.48345635640408,-1.5733159249848052,12.774130136954415,-49.26126760398613,-9.734845488615935,605.921399403697,12.777521853209103,-69.60492815028397,0.7744764115349199,0.0977563615277574,52193.98899714649,-0.000687145044973,0.1592498466344238,0.0165002216210297,0.0242415248615976,21.55493441171893,-8.213402425871209,-47.49848519024839,3.925644836536157
2020-01-31,3.5601111229457283,1.9298025898055464,85.31652238117292,0.0526539570847423,71.03202644186496,33.137488639591055,-72.26142647795372,106.98662336852723,25.50753870948162,17.755342737868702,1028.803598999521,-16.232696569174383,16.086000301657045,-110.19296132574482,-1.6006790396006068,12.897797799410167,-49.47567954378734,-9.723602274937743,609.5735986164281,12.660422326086248,-158.4820494456589,2.180172421174859,0.3075298500132106,267664.2176032737,-0.0013896945857722,0.4809388372046612,0.049567952125928,0.1002361036296299,53.32790244730859,-26.005374375942665,-33.39603597773706,0.7838905421196778
2020-02-28,-7.640067924073167,-0.0778406523702514,107.3367462072806,8.562627421278603e-05,16.045426366491412,71.11870406659385,36.53561933533988,107.09947009699005,47.56207912954037,25.53312173562168,1235.8421016379034,-16.99878112756378,-49.96129939637045,-107.96460736484649,7.688718338160767,-6.655525149343121,-27.744052733847475,-52.48570423282023,608.5911156323822,12.717534983074762,302.0105103313785,-33.153349603501,-2.8744757258704112,257060.72810141745,-0.1471760237155334,17.325513060357963,-9.507049061728576,3.905047788093597,-1483.358034936844,105.6213364071973,-52.11542494006329,3.5601111229457283
2020-03-31,-12.840461303109576,-6.008450213765428,107.90819564969212,0.5088575142217266,63.331144075122026,16.084466432642696,33.36112876674017,92.56097949866482,34.39155095137559,47.80288646794745,1242.970379680207,-17.11291349119176,-50.33241707618512,-108.46895226493764,7.747661421668129,-6.708896804753269,-27.798914546452764,-52.71668642763218,611.5477154509416,15.564599094838762,359.2706555279329,1.784788040837782,0.2242934055779244,167693.63823130727,-0.0022836198213262,0.5074499453609178,-0.0115799905861961,0.0893884383876475,23.540047211577985,-20.61909531989568,170.78410323575616,-7.640067924073167
2020-04-30,8.125305649914157,-10.11181459355145,388.3717581776348,1.4505908436468695,-132.66722834280262,62.49387565038698,70.4944517281078,83.20998085268765,-1.368706119592533,33.949060403826465,1227.67016005878,-16.889868293240795,-49.67232488982994,-107.05658585429194,7.672326710740538,-6.617955931746747,-27.642047904742192,-52.0163479753915,603.7114498871672,15.076925106594471,-128.13844124211823,-3.9289541996193407,-0.6084926664150032,-604830.109751001,0.0043537266087359,-1.2355847110047762,0.0278858311069154,-0.266106145834474,-72.22815836312839,52.69274193578804,-39.06952384003091,-12.840461303109576
2020-05-29,5.793237399106096,8.934548429152716,106.67277000820262,1.1432055301048316,-218.894903479496,-130.26995848592463,15.615555646946268,81.67806675396669,-103.41819402438595,-1.3432715129350026,1234.9710926370626,-14.931575834351351,-78.87737788232326,-127.32523983546736,11.859274516523582,0.8031548674184941,14.274577116759769,-8.72751017945485,594.8183485831863,14.68911170620891,-97.6019465217438,67.04325752863247,-0.0789434009593605,-876860.863071382,0.2828241629941,-65.72523870136351,-5.23083832856058,-13.439165652555198,5.85204020450783,124.04875781175632,-18.233540576400003,8.125305649914157
2020-06-30,-0.9196422459826216,3.809906935892132,134.28887245686255,0.2068531206189221,144.40793835949074,-221.14340643390585,61.69513729148317,106.12709361105055,-176.9470671330543,-104.46270319587228,1248.5155774949983,-15.086277653676126,-79.9422634683907,-128.5961208513015,11.9225319257323,0.8045650468539483,14.396002382580829,-8.83335632527222,601.1106141560551,9.26477562432209,-134.59386792175388,3.324294380079891,0.4798652979073026,535006.597221151,-0.0002523711823965,0.3087191132015121,-0.0673541091074367,0.0703000435643073,38.17952752997007,-38.84124786181201,-397.430766113411,5.793237399106096
2020-07-31,4.7770284199253865,1.7130144963703915,182.3885651017949,0.0416260583888744,101.9973572124751,145.44297030927638,-132.68037229086718,118.19395110409629,159.2526717709766,-178.54629871907605,1260.3594516505104,-15.22241478035136,-79.13430116123084,-129.09395875316983,11.9984513524224,0.8186489636541603,14.706179213429388,-8.875653763699086,606.3238333392076,9.276676304120729,27.51536022947488,3.416296493029961,0.4364560857649096,337101.5758283362,-0.000526793693172,0.2716763207218271,-0.0130456429345464,0.0525818217437557,56.42763660825585,-35.19716950485872,-16.78900129457304,-0.9196422459826216
2020-08-31,6.120775316376926,3.9510658236898655,100.33101949797474,0.2216203380311273,-16.181495560352754,101.84503366568492,-222.7159311745544,118.0096990708835,67.46958677839675,159.00546452150056,1686.7077554871523,-3.3485411192113186,-460.5022098408831,27.27237259430899,-10.252051751863371,-68.12085705333506,-215.3147156254192,-263.4057234043,620.9770673020893,8.606264883626553,17.85293181624195,-57.35271604473479,-12.06594169945324,-147370.9619084373,-0.1280191132268127,17.857014925278442,11.956346569362305,4.443519064784125,-3718.0717916730064,89.50715103076436,-98.47628993458272,4.7770284199253865
2020-09-30,0.7417177949117372,5.199126139465327,62.44092404523548,0.3822508792307275,83.04824460846744,-16.28059300881496,146.03173911194443,127.6513569652094,30.42686328336072,67.98304953761625,1702.052192845326,-3.3951592621583986,-463.99688375287286,27.5961526598536,-10.368088942750315,-69.29013850541007,-216.9982535783876,-265.55013816345974,625.4042667908832,10.447689305021674,-260.3656057068484,2.7909164342006534,0.255144970756362,244015.08857355267,-0.0021077158104475,0.3626344752648123,0.0372242586868161,0.0751539533772653,11.82527017173902,-29.71994245032056,1175.8782635942132,6.120775316376926
2020-10-30,-2.532972038029201,-2.62644999960681,51.535564507690594,0.097103729910634,110.84013091813998,83.76143619321566,103.6458888741458,139.54290302706798,70.88580906844618,30.70917883339586,1716.5298154619195,-3.422658659202044,-468.3098146014244,27.88544266205252,-10.480396789844352,-69.71229616159742,-219.0000403069001,-267.96002718551944,631.2711354177909,10.675324772934136,63.79254653282408,2.8328655158722427,0.3383847147289529,474184.2429978624,-0.0013379329610961,0.4531250027234819,0.0457810235290923,0.1108952686002222,16.10820596696408,-36.5568429210166,29.677153188754687,0.7417177949117372
2020-11-30,8.359838454661208,-1.508385308869769,176.23799950053936,0.0320101937370161,13.917294357059127,110.98604459567186,-16.448435286446024,139.68379456923378,93.01873013697806,70.96555695956535,1809.6764519227936,-5.22581032920503,-266.422538445229,30.58157906474294,16.607304002439587,56.532868184869045,257.66597245645005,232.14001491670217,636.5271706943479,11.36788306136165,189.9178775798576,-40.9831690418946,9.53710749613728,260871.18804201484,0.0089490942639203,12.971398343593355,-1.4037441594145692,3.183698987471504,170.53659020727514,-298.5388670809557,129.6018664545819,-2.532972038029201
2020-12-31,2.11611040661973,8.33347923377174,226.0940455396324,0.9792274946851924,-45.76355658698381,13.829205630814531,83.44535684743916,139.0598010231228,-46.56341390883328,92.5968425930812,1803.3509707660623,-5.191489511007744,-265.34361654609506,30.60261087142908,16.549613700291303,56.3007117885177,256.4248411923012,231.14328927805985,633.6220628428847,10.663418916157228,-122.23753624876298,-0.9881148641441656,-0.2198340930308191,-282425.09588400275,0.0006397718264602,-0.2638023409475067,-0.0246506710881857,-0.077265821687666,-10.189319561771526,18.57732933472016,-653.4893415871793,8.359838454661208
