date,illiq,turn,RF,log_Mkt-RF,excess_log_return,ind_0,ind_10,ind_11,ind_12,ind_13,ind_14,ind_15,ind_16,ind_17,ind_18,ind_19,ind_20,ind_21,ind_22,ind_23,ind_24,ind_25,ind_26,ind_27,ind_28,ind_29,ind_30,ind_31,ind_32,ind_33,ind_34,ind_35,ind_36,ind_37,ind_38,ind_39,ind_40,ind_41,ind_42,ind_43,ind_44,ind_45,ind_46,ind_47,ind_48,ind_49,ind_50,ind_51,ind_52,ind_53,ind_54,ind_55,ind_56,ind_57,ind_58,ind_59,ind_60,ind_61,ind_62,ind_63,ind_64,ind_65,ind_66,ind_67,ind_70,ind_71,ind_72,ind_73,ind_74,ind_75,ind_76,ind_78,ind_79,ind_80,ind_81,ind_82,ind_83,ind_85,ind_86,ind_87,ind_89,ind_90,ind_91,ind_92,ind_93,ind_94,ind_95,ind_96,ind_97,ind_99,ind_Z,baspread,beta,idiovol,log_Mkt-RF^2,coskew,size,rev1,rev2,rev3,rev4,mom,mom1m,chmom,max,indmom,log_Mkt-RF_lag1,log_Mkt-RF_lag2,log_Mkt-RF_lag3,log_Mkt-RF_lag4,r_sq,gammaps,aeavol,bm,cash,rd_mve,cashdebt,cashpr,chatoia,chinv,depr,ep,gma,lev,lgr,quick,pchquick,sp,acc,stdacc,stdcf,cfp,agr,chcapx,oa,ol,noa,grnoa,pctacc,chatq,cfpq,chcshoq,ibq_adj,chtx,invest,chinvest,currat,dy,egr,operprof,pchcurrat,pchdepr,pchgm_pchsale,pchsale_pchinvt,pchsale_pchrect,pchsale_pchxsga,saleinv,pchsaleinv,rd_sale,roaq,roavol,roeq,rsup,salecash,salerec,chsaleq,tang,O-score,sue,chfeps,sfe,chnanalyst,disp
2006-08-31,0.00038265752603545565,2.1839244686034895,0.42,0.02000468869681736,0.038196033890462514,0,0,0,0,0,0,0,0,0,0,0,0,0,0,0,0,0,0,0,0,0,0,0,0,0,0,0,0,0,0,0,0,0,0,0,0,0,0,0,0,0,0,0,0,0,0,0,0,0,0,0,0,0,0,0,0,0,0,0,0,0,0,1,0,0,0,0,0,0,0,0,0,0,0,0,0,0,0,0,0,0,0,0,0,0,0,0.34204043406565277,,,0.0004001875698565723,,,,,,,,,,,-0.1132415,,,,,,,,0.2725366360667668,0.030245678747491043,,0.11564043463944682,45.3305347593583,0.022438277047631815,0.00035156333362910947,0.07209030285953362,0.014791498809360044,0.09182429920398424,0.16368200361863294,0.07923616428089142,1.3846069762223923,0.014147542090379162,0.14619129758343685,-0.052965880385349356,0.00016714554729593343,0.007484216799032422,0.037896203100796735,0.01621034873594196,-0.38366117313485737,863.381,264.07,599.3109999999999,0.00016855526443149138,-0.0017538951748517948,0.01621034873594207,0.037896203100796735,-0.017720300603428107,0.021469843014760095,0.11274591762804431,,0.005962148339343333,1.4391407153418212,0.004684048117442845,-0.018223889975360175,0.10588565457741758,0.013450132878415788,0.06912584369999641,-0.03910294185641616,0.03760981623815529,0.055548470447233544,0.04713208330287766,31.443987775318796,0.036405222171106866,,0.034458119841526205,0.003356913756943839,0.05328435975459084,0.007036851366392703,11.080362448009508,1.7433158829578388,0.07175775427001208,,-4.143050450633735,7.349447883017032e-05,0.0,0.13624288425047437,1.0,0.030555555555555558
2006-09-29,0.000529932604881824,2.9055414182080597,0.41,0.018150608934819724,-0.007520484098173413,0,0,0,0,0,0,0,0,0,0,0,0,0,0,0,0,0,0,0,0,0,0,0,0,0,0,0,0,0,0,0,0,0,0,0,0,0,0,0,0,0,0,0,0,0,0,0,0,0,0,0,0,0,0,0,0,0,0,0,0,0,0,1,0,0,0,0,0,0,0,0,0,0,0,0,0,0,0,0,0,0,0,0,0,0,0,0.6840808681311841,,,0.0003294446047047576,,14.554183293938328,0.042396033890462516,,,,,,,,-0.016849,0.02000468869681736,,,,,,,0.2725366360667668,0.030245678747491043,,0.11564043463944682,45.3305347593583,0.022438277047631815,0.00035156333362910947,0.07209030285953362,0.014791498809360044,0.09182429920398424,0.16368200361863294,0.07923616428089142,1.3846069762223923,0.014147542090379162,0.14619129758343685,-0.052965880385349356,0.00016714554729593343,0.007484216799032422,0.037896203100796735,0.01621034873594196,-0.38366117313485737,863.381,264.07,599.3109999999999,0.00016855526443149138,-0.0017538951748517948,0.01621034873594207,0.037896203100796735,-0.017720300603428107,0.021469843014760095,0.11274591762804431,,0.005962148339343333,1.4391407153418212,0.004684048117442845,-0.018223889975360175,0.10588565457741758,0.013450132878415788,0.06912584369999641,-0.03910294185641616,0.03760981623815529,0.055548470447233544,0.04713208330287766,31.443987775318796,0.036405222171106866,,0.034458119841526205,0.003356913756943839,0.05328435975459084,0.007036851366392703,11.080362448009508,1.7433158829578388,0.07175775427001208,,-4.143050450633735,7.349447883017032e-05,0.0,0.13624288425047437,1.0,0.030555555555555558
2006-10-31,0.00032387800127967525,5.288211984250573,0.41,0.031653169705817844,-0.04674193896337286,0,0,0,0,0,0,0,0,0,0,0,0,0,0,0,0,0,0,0,0,0,0,0,0,0,0,0,0,0,0,0,0,0,0,0,0,0,0,0,0,0,0,0,0,0,0,0,0,0,0,0,0,0,0,0,0,0,0,0,0,0,0,1,0,0,0,0,0,0,0,0,0,0,0,0,0,0,0,0,0,0,0,0,0,0,0,0.34204043406565277,,,0.0010019231524253044,,14.548506835933523,-0.0034204840981734135,0.042396033890462516,,,,,,,-0.007435,0.018150608934819724,0.02000468869681736,,,,,0.9037868739140995,0.25332182841502837,0.036590208534432074,,0.08061442513137379,34.924976622935034,-0.003826881066010879,-0.00024054088521119314,0.07286215860369333,0.013626889863986516,0.08015506592582836,0.22179077273401357,0.34774747807345774,1.3849800084175083,0.00026941377699385427,0.1451608839247157,-0.09603905886305032,0.00016570233038974933,0.007523648420796703,0.05925625693231631,0.08332387968671551,1.565504692587627,929.202,283.242,645.96,0.07783771697833042,-0.0034704968331243564,0.0833238796867156,0.05925625693231631,-0.032160399994975,-0.008571981227157502,-0.1822770015406684,,0.0026231941317120424,1.4336279461279462,0.007057529952692579,-0.07548553769153199,0.09571245453842676,-0.003830597769284627,0.01070679014435072,0.01584198065854525,0.012104691890696961,-0.08033928675093027,-0.11847771981679767,31.833315328940262,0.012381621453467773,,0.03107123481847314,0.0033658118682569137,0.04973221942366501,0.006377244556959441,8.350032586211782,1.6121727712886724,-0.012370463716434577,,-3.3971644164942174,-4.926034726525152e-05,0.0,0.13624288425047437,1.0,0.030555555555555558
2006-11-30,0.0004401408654659782,3.198603687858101,0.42,0.01687632560191631,0.021216906285040454,0,0,0,0,0,0,0,0,0,0,0,0,0,0,0,0,0,0,0,0,0,0,0,0,0,0,0,0,0,0,0,0,0,0,0,0,0,0,0,0,0,0,0,0,0,0,0,0,0,0,0,0,0,0,0,0,0,0,0,0,0,0,1,0,0,0,0,0,0,0,0,0,0,0,0,0,0,0,0,0,0,0,0,0,0,0,1.3681617362623681,,,0.00028481036582189587,,14.505864716667519,-0.04264193896337286,-0.0034204840981734135,0.042396033890462516,,,0.021750517113956695,,,0.0113795,0.031653169705817844,0.018150608934819724,0.02000468869681736,,,,0.9037868739140995,0.25332182841502837,0.036590208534432074,,0.08061442513137379,34.924976622935034,-0.003826881066010879,-0.00024054088521119314,0.07286215860369333,0.013626889863986516,0.08015506592582836,0.22179077273401357,0.34774747807345774,1.3849800084175083,0.00026941377699385427,0.1451608839247157,-0.09603905886305032,0.00016570233038974933,0.007523648420796703,0.05925625693231631,0.08332387968671551,1.565504692587627,929.202,283.242,645.96,0.07783771697833042,-0.0034704968331243564,0.0833238796867156,0.05925625693231631,-0.032160399994975,-0.008571981227157502,-0.1822770015406684,,0.0026231941317120424,1.4336279461279462,0.007057529952692579,-0.07548553769153199,0.09571245453842676,-0.003830597769284627,0.01070679014435072,0.01584198065854525,0.012104691890696961,-0.08033928675093027,-0.11847771981679767,31.833315328940262,0.012381621453467773,,0.03107123481847314,0.0033658118682569137,0.04973221942366501,0.006377244556959441,8.350032586211782,1.6121727712886724,-0.012370463716434577,,-3.3971644164942174,-4.926034726525152e-05,0.25,0.13857813063875857,0.0,0.03376623376623377
2006-12-29,0.0005113973772821216,2.571911573472042,0.4,0.008620031356102198,0.0658575343634683,0,0,0,0,0,0,0,0,0,0,0,0,0,0,0,0,0,0,0,0,0,0,0,0,0,0,0,0,0,0,0,0,0,0,0,0,0,0,0,0,0,0,0,0,0,0,0,0,0,0,0,0,0,0,0,0,0,0,0,0,0,0,1,0,0,0,0,0,0,0,0,0,0,0,0,0,0,0,0,0,0,0,0,0,0,0,1.3681617362623681,,,7.430494058018511e-05,,14.504504124199228,0.025416906285040453,-0.04264193896337286,-0.0034204840981734135,0.042396033890462516,,0.04921201758696249,,,0.00142,0.01687632560191631,0.031653169705817844,0.018150608934819724,0.02000468869681736,,,0.9037868739140995,0.25332182841502837,0.036590208534432074,,0.08061442513137379,34.924976622935034,-0.003826881066010879,-0.00024054088521119314,0.07286215860369333,0.013626889863986516,0.08015506592582836,0.22179077273401357,0.34774747807345774,1.3849800084175083,0.00026941377699385427,0.1451608839247157,-0.09603905886305032,0.00016570233038974933,0.007523648420796703,0.05925625693231631,0.08332387968671551,1.565504692587627,929.202,283.242,645.96,0.07783771697833042,-0.0034704968331243564,0.0833238796867156,0.05925625693231631,-0.032160399994975,-0.008571981227157502,-0.1822770015406684,,0.0026231941317120424,1.4336279461279462,0.007057529952692579,-0.07548553769153199,0.09571245453842676,-0.003830597769284627,0.01070679014435072,0.01584198065854525,0.012104691890696961,-0.08033928675093027,-0.11847771981679767,31.833315328940262,0.012381621453467773,,0.03107123481847314,0.0033658118682569137,0.04973221942366501,0.006377244556959441,8.350032586211782,1.6121727712886724,-0.012370463716434577,,-3.3971644164942174,-4.926034726525152e-05,0.25,0.13857813063875857,0.0,0.03376623376623377
2007-01-31,0.00023873551749338832,4.048634590377113,0.44,0.013832768261059683,-0.02629080029072408,0,0,0,0,0,0,0,0,0,0,0,0,0,0,0,0,0,0,0,0,0,0,0,0,0,0,0,0,0,0,0,0,0,0,0,0,0,0,0,0,0,0,0,0,0,0,0,0,0,0,0,0,0,0,0,0,0,0,0,0,0,0,1,0,0,0,0,0,0,0,0,0,0,0,0,0,0,0,0,0,0,0,0,0,0,0,1.0261213021968367,,,0.00019134547776418012,,14.572054514368622,0.06985753436346831,0.025416906285040453,-0.04264193896337286,-0.0034204840981734135,,0.030741701394411826,,,-0.0270285,0.008620031356102198,0.01687632560191631,0.031653169705817844,0.018150608934819724,,,2.161826391300863,0.23677226257153208,0.0394827114832067,,0.08258776105538146,34.48902377841652,0.019147103277157934,-0.001331909603470599,0.07838512406618006,0.01446948002004088,0.08554140423095376,0.2282955472645035,0.056785017834853235,1.5885619846294006,0.14699271828804727,0.15029412479615364,-0.11989662483170586,0.00015217974342866727,0.0075104410705246006,0.07022954073725515,0.004968413456603482,0.9383553766532489,931.015,270.809,660.2059999999999,0.022053997151526117,-0.003974429834975498,0.004968413456603538,0.07022954073725515,-0.023714645448527416,0.007961946111607712,-0.06545669333619719,,-0.012529947625454625,1.6350241771590088,0.009069274508035042,-0.040398560236149184,0.11563808334840382,0.1404801235739086,0.07580018995219251,-0.003386276249127018,0.20259281557894004,0.026549188838061566,0.08886280988064366,39.32211900577454,0.23525051033644817,,0.03126720463497402,0.003351592151722211,0.05864256948455132,0.0058944046836954134,8.185001306506402,1.6534701547686916,0.06297996816896934,,-3.2716620522502162,0.0,0.26000000000000023,0.138939011187297,0.0,0.031088082901554404
2007-02-28,0.0001480147908228976,5.7222366710013,0.38,-0.019726150550259256,0.0115600735102541,0,0,0,0,0,0,0,0,0,0,0,0,0,0,0,0,0,0,0,0,0,0,0,0,0,0,0,0,0,0,0,0,0,0,0,0,0,0,0,0,0,0,0,0,0,0,0,0,0,0,0,0,0,0,0,0,0,0,0,0,0,0,1,0,0,0,0,0,0,0,0,0,0,0,0,0,0,0,0,0,0,0,0,0,0,0,1.0261213021967153,,,0.00038912101553149355,,14.55016381900431,-0.02189080029072408,0.06985753436346831,0.025416906285040453,-0.04264193896337286,,0.0887437138680388,,,-0.0017765,0.013832768261059683,0.008620031356102198,0.01687632560191631,0.031653169705817844,,,2.161826391300863,0.23677226257153208,0.0394827114832067,,0.08258776105538146,34.48902377841652,0.019147103277157934,-0.001331909603470599,0.07838512406618006,0.01446948002004088,0.08554140423095376,0.2282955472645035,0.056785017834853235,1.5885619846294006,0.14699271828804727,0.15029412479615364,-0.11989662483170586,0.00015217974342866727,0.0075104410705246006,0.07022954073725515,0.004968413456603482,0.9383553766532489,931.015,270.809,660.2059999999999,0.022053997151526117,-0.003974429834975498,0.004968413456603538,0.07022954073725515,-0.023714645448527416,0.007961946111607712,-0.06545669333619719,,-0.012529947625454625,1.6350241771590088,0.009069274508035042,-0.040398560236149184,0.11563808334840382,0.1404801235739086,0.07580018995219251,-0.003386276249127018,0.20259281557894004,0.026549188838061566,0.08886280988064366,39.32211900577454,0.23525051033644817,,0.03126720463497402,0.003351592151722211,0.05864256948455132,0.0058944046836954134,8.185001306506402,1.6534701547686916,0.06297996816896934,,-3.2716620522502162,0.0,-0.8200000000000003,0.10982239942007974,-2.0,0.05263157894736843
2007-03-30,0.00022381912880336564,2.8481829672317307,0.43,0.006738847115216448,0.00042392301220858537,0,0,0,0,0,0,0,0,0,0,0,0,0,0,0,0,0,0,0,0,0,0,0,0,0,0,0,0,0,0,0,0,0,0,0,0,0,0,0,0,0,0,0,0,0,0,0,0,0,0,0,0,0,0,0,0,0,0,0,0,0,0,1,0,0,0,0,0,0,0,0,0,0,0,0,0,0,0,0,0,0,0,0,0,0,0,0.6840808681311841,,,4.541206044226105e-05,,14.56299155583356,0.0153600735102541,-0.02189080029072408,0.06985753436346831,0.025416906285040453,,0.06805073059520692,,,-0.003971,-0.019726150550259256,0.013832768261059683,0.008620031356102198,0.01687632560191631,,,2.161826391300863,0.23677226257153208,0.0394827114832067,,0.08258776105538146,34.48902377841652,0.019147103277157934,-0.001331909603470599,0.07838512406618006,0.01446948002004088,0.08554140423095376,0.2282955472645035,0.056785017834853235,1.5885619846294006,0.14699271828804727,0.15029412479615364,-0.11989662483170586,0.00015217974342866727,0.0075104410705246006,0.07022954073725515,0.004968413456603482,0.9383553766532489,931.015,270.809,660.2059999999999,0.022053997151526117,-0.003974429834975498,0.004968413456603538,0.07022954073725515,-0.023714645448527416,0.007961946111607712,-0.06545669333619719,,-0.012529947625454625,1.6350241771590088,0.009069274508035042,-0.040398560236149184,0.11563808334840382,0.1404801235739086,0.07580018995219251,-0.003386276249127018,0.20259281557894004,0.026549188838061566,0.08886280988064366,39.32211900577454,0.23525051033644817,,0.03126720463497402,0.003351592151722211,0.05864256948455132,0.0058944046836954134,8.185001306506402,1.6534701547686916,0.06297996816896934,,-3.2716620522502162,0.0,-0.8200000000000003,0.10982239942007974,-2.0,0.05263157894736843
2007-04-30,0.00014983574785573615,5.655479507416518,0.44,0.034147409612238826,-0.05991883909382916,0,0,0,0,0,0,0,0,0,0,0,0,0,0,0,0,0,0,0,0,0,0,0,0,0,0,0,0,0,0,0,0,0,0,0,0,0,0,0,0,0,0,0,0,0,0,0,0,0,0,0,0,0,0,0,0,0,0,0,0,0,0,1,0,0,0,0,0,0,0,0,0,0,0,0,0,0,0,0,0,0,0,0,0,0,0,0.6840808681311841,,,0.0011660455832260205,,14.542029891759938,0.004723923012208585,0.0153600735102541,-0.02189080029072408,0.06985753436346831,,-0.05732564286209056,,,-0.03154,0.006738847115216448,-0.019726150550259256,0.013832768261059683,0.008620031356102198,,,1.2143318999561212,0.23673127580533243,0.04823046109122175,,0.06282560697055593,28.157088615810657,-0.031524786692224284,-0.0006031155404510013,0.08105296916849414,0.009901921195330971,0.06871760732169747,0.2301145691788661,-0.007191961480341957,1.5716261820436688,-0.010661090186973587,0.13787184297103036,-0.023866888852483992,0.00015689535294263721,0.009241123778443622,0.021044079088812808,-0.011274289811562088,-0.7400798835342866,912.135,265.387,646.748,-0.020384546641502577,-0.0011735697916351471,-0.011274289811562128,0.021044079088812808,-0.010755976281011437,-0.034731545995449205,-0.1254933986661223,0.0010822410333390172,-0.00517648615820319,1.6156166899199849,0.0025394163030088234,-0.015210466162488112,0.09213416660587348,-0.01186984725372442,0.03403509446590447,0.03933964975992288,-0.023800433735307824,-0.01757709407306296,0.03392914659844348,38.30914997292908,-0.02576079464834291,,0.020971128202747387,0.004162773205357783,0.04119146625165155,0.002256880055983114,6.123231361689239,1.6219183734283849,-0.09645000638488055,0.24703644988245507,-3.032291878453416,-0.0001461394381167555,-0.8599999999999999,0.10837259876766946,-3.0,0.05333333333333334
2007-05-31,0.000410503406402351,3.247562141090056,0.41,0.0317496528936972,0.004691031063222472,0,0,0,0,0,0,0,0,0,0,0,0,0,0,0,0,0,0,0,0,0,0,0,0,0,0,0,0,0,0,0,0,0,0,0,0,0,0,0,0,0,0,0,0,0,0,0,0,0,0,0,0,0,0,0,0,0,0,0,0,0,0,1,0,0,0,0,0,0,0,0,0,0,0,0,0,0,0,0,0,0,0,0,0,0,0,0.6840808681311841,,,0.0010080404588702551,,14.481871314189132,-0.05551883909382916,0.004723923012208585,0.0153600735102541,-0.02189080029072408,,-0.02664381150814401,,,0.00613,0.034147409612238826,0.006738847115216448,-0.019726150550259256,0.013832768261059683,,,1.2143318999561212,0.23673127580533243,0.04823046109122175,,0.06282560697055593,28.157088615810657,-0.031524786692224284,-0.0006031155404510013,0.08105296916849414,0.009901921195330971,0.06871760732169747,0.2301145691788661,-0.007191961480341957,1.5716261820436688,-0.010661090186973587,0.13787184297103036,-0.023866888852483992,0.00015689535294263721,0.009241123778443622,0.021044079088812808,-0.011274289811562088,-0.7400798835342866,912.135,265.387,646.748,-0.020384546641502577,-0.0011735697916351471,-0.011274289811562128,0.021044079088812808,-0.010755976281011437,-0.034731545995449205,-0.1254933986661223,0.0010822410333390172,-0.00517648615820319,1.6156166899199849,0.0025394163030088234,-0.015210466162488112,0.09213416660587348,-0.01186984725372442,0.03403509446590447,0.03933964975992288,-0.023800433735307824,-0.01757709407306296,0.03392914659844348,38.30914997292908,-0.02576079464834291,,0.020971128202747387,0.004162773205357783,0.04119146625165155,0.002256880055983114,6.123231361689239,1.6219183734283849,-0.09645000638488055,0.24703644988245507,-3.032291878453416,-0.0001461394381167555,0.5299999999999998,0.1370716510903427,-1.0,0.0481586402266289
2007-06-29,0.00025328508581278256,3.2826374585680576,0.4,-0.019722960465236198,-0.026333996870742234,0,0,0,0,0,0,0,0,0,0,0,0,0,0,0,0,0,0,0,0,0,0,0,0,0,0,0,0,0,0,0,0,0,0,0,0,0,0,0,0,0,0,0,0,0,0,0,0,0,0,0,0,0,0,0,0,0,0,0,0,0,0,1,0,0,0,0,0,0,0,0,0,0,0,0,0,0,0,0,0,0,0,0,0,0,0,0.6840808681311841,,,0.00038899516951327006,,14.470540094366577,0.008791031063222472,-0.05551883909382916,0.004723923012208585,0.0153600735102541,,-0.06433788188914034,,,0.002342,0.0317496528936972,0.034147409612238826,0.006738847115216448,-0.019726150550259256,,,1.2143318999561212,0.23673127580533243,0.04823046109122175,,0.06282560697055593,28.157088615810657,-0.031524786692224284,-0.0006031155404510013,0.08105296916849414,0.009901921195330971,0.06871760732169747,0.2301145691788661,-0.007191961480341957,1.5716261820436688,-0.010661090186973587,0.13787184297103036,-0.023866888852483992,0.00015689535294263721,0.009241123778443622,0.021044079088812808,-0.011274289811562088,-0.7400798835342866,912.135,265.387,646.748,-0.020384546641502577,-0.0011735697916351471,-0.011274289811562128,0.021044079088812808,-0.010755976281011437,-0.034731545995449205,-0.1254933986661223,0.0010822410333390172,-0.00517648615820319,1.6156166899199849,0.0025394163030088234,-0.015210466162488112,0.09213416660587348,-0.01186984725372442,0.03403509446590447,0.03933964975992288,-0.023800433735307824,-0.01757709407306296,0.03392914659844348,38.30914997292908,-0.02576079464834291,,0.020971128202747387,0.004162773205357783,0.04119146625165155,0.002256880055983114,6.123231361689239,1.6219183734283849,-0.09645000638488055,0.24703644988245507,-3.032291878453416,-0.0001461394381167555,0.3799999999999999,0.13123052959501558,-2.0,0.02366863905325444
2007-07-31,0.0004203047460222645,6.059498315442009,0.4,-0.03786706951157731,-0.09058727170649439,0,0,0,0,0,0,0,0,0,0,0,0,0,0,0,0,0,0,0,0,0,0,0,0,0,0,0,0,0,0,0,0,0,0,0,0,0,0,0,0,0,0,0,0,0,0,0,0,0,0,0,0,0,0,0,0,0,0,0,0,0,0,1,0,0,0,0,0,0,0,0,0,0,0,0,0,0,0,0,0,0,0,0,0,0,0,0.6840808681311841,,,0.001433914953394628,,14.448205704313686,-0.022333996870742234,0.008791031063222472,-0.05551883909382916,0.004723923012208585,,-0.15564907660784333,,,-0.00591,-0.019722960465236198,0.0317496528936972,0.034147409612238826,0.006738847115216448,,,1.354152367879204,0.2496719695972821,0.03594841130360765,,0.06724863882323803,33.64453423648947,0.0075348208878743715,-0.0002424440049632206,0.08039741504374204,0.012211004276512904,0.08044376781275274,0.25410089204813,0.008550192956199076,1.5133765432098765,-0.03706329119437757,0.15474827848040343,-0.056795419608108855,0.0001575000843127937,0.010283647292716842,0.04082299534084185,-0.014409035463819775,-0.5866559867093865,910.593,264.426,646.1669999999999,-0.0008983406210767431,-0.0024796079287539336,-0.014409035463819818,0.04082299534084185,-0.018721860090047726,0.00885074704027296,-0.23294600821396383,0.004927182667836747,-0.0037242125548773387,1.557506172839506,0.0055121523999895556,-0.036726546906187596,0.1043747556433524,-0.03596800988937343,-0.008087971748318323,-0.03900590390804215,0.056184143698560285,0.046652838784419504,-0.21369664792894838,40.5287051264143,0.0579379901421373,,0.023889844807310847,0.004679130224866545,0.04711196164372286,-0.004387854648738679,8.544986010896775,1.6992486046770405,0.02514592195825127,0.2337618236447486,-3.113059334468272,-0.00013333701983525773,0.3599999999999999,0.13045171339563863,0.0,0.014880952380952382
2007-08-31,0.0006132377377811333,2.0938666076259844,0.42,0.009111014059672417,0.022199668655191,0,0,0,0,0,0,0,0,0,0,0,0,0,0,0,0,0,0,0,0,0,0,0,0,0,0,0,0,0,0,0,0,0,0,0,0,0,0,0,0,0,0,0,0,0,0,0,0,0,0,0,0,0,0,0,0,0,0,0,0,0,0,1,0,0,0,0,0,0,0,0,0,0,0,0,0,0,0,0,0,0,0,0,0,0,0,1.3681617362623681,,,8.301057719554846e-05,,14.361619045954352,-0.08658727170649438,-0.022333996870742234,0.008791031063222472,-0.05551883909382916,,-0.07373056885882316,,0.04589015817965709,0.0,-0.03786706951157731,-0.019722960465236198,0.0317496528936972,0.034147409612238826,,,1.354152367879204,0.2496719695972821,0.03594841130360765,,0.06724863882323803,33.64453423648947,0.0075348208878743715,-0.0002424440049632206,0.08039741504374204,0.012211004276512904,0.08044376781275274,0.25410089204813,0.008550192956199076,1.5133765432098765,-0.03706329119437757,0.15474827848040343,-0.056795419608108855,0.0001575000843127937,0.010283647292716842,0.04082299534084185,-0.014409035463819775,-0.5866559867093865,910.593,264.426,646.1669999999999,-0.0008983406210767431,-0.0024796079287539336,-0.014409035463819818,0.04082299534084185,-0.018721860090047726,0.00885074704027296,-0.23294600821396383,0.004927182667836747,-0.0037242125548773387,1.557506172839506,0.0055121523999895556,-0.036726546906187596,0.1043747556433524,-0.03596800988937343,-0.008087971748318323,-0.03900590390804215,0.056184143698560285,0.046652838784419504,-0.21369664792894838,40.5287051264143,0.0579379901421373,,0.023889844807310847,0.004679130224866545,0.04711196164372286,-0.004387854648738679,8.544986010896775,1.6992486046770405,0.02514592195825127,0.2337618236447486,-3.113059334468272,-0.00013333701983525773,-0.040000000000000036,0.1681910569105691,0.0,0.06325301204819277
2007-09-28,0.0002457047005885504,12.7798161355485,0.32,0.03158782548566402,-0.20624109536543095,0,0,0,0,0,0,0,0,0,0,0,0,0,0,0,0,0,0,0,0,0,0,0,0,0,0,0,0,0,0,0,0,0,0,0,0,0,0,0,0,0,0,0,0,0,0,0,0,0,0,0,0,0,0,0,0,0,0,0,0,0,0,1,0,0,0,0,0,0,0,0,0,0,0,0,0,0,0,0,0,0,0,0,0,0,0,1.3681617362623681,,,0.0009977907189127656,,14.380598648359978,0.026399668655191,-0.08658727170649438,-0.022333996870742234,0.008791031063222472,,-0.2855626952874766,,0.04055803643456659,-0.009562,0.009111014059672417,-0.03786706951157731,-0.019722960465236198,0.0317496528936972,,,1.354152367879204,0.2496719695972821,0.03594841130360765,,0.06724863882323803,33.64453423648947,0.0075348208878743715,-0.0002424440049632206,0.08039741504374204,0.012211004276512904,0.08044376781275274,0.25410089204813,0.008550192956199076,1.5133765432098765,-0.03706329119437757,0.15474827848040343,-0.056795419608108855,0.0001575000843127937,0.010283647292716842,0.04082299534084185,-0.014409035463819775,-0.5866559867093865,910.593,264.426,646.1669999999999,-0.0008983406210767431,-0.0024796079287539336,-0.014409035463819818,0.04082299534084185,-0.018721860090047726,0.00885074704027296,-0.23294600821396383,0.004927182667836747,-0.0037242125548773387,1.557506172839506,0.0055121523999895556,-0.036726546906187596,0.1043747556433524,-0.03596800988937343,-0.008087971748318323,-0.03900590390804215,0.056184143698560285,0.046652838784419504,-0.21369664792894838,40.5287051264143,0.0579379901421373,,0.023889844807310847,0.004679130224866545,0.04711196164372286,-0.004387854648738679,8.544986010896775,1.6992486046770405,0.02514592195825127,0.2337618236447486,-3.113059334468272,-0.00013333701983525773,-0.1299999999999999,0.1636178861788618,1.0,0.07430340557275542
2007-10-31,0.00024773263853492,9.136606615272566,0.32,0.017778406385191813,-0.11320185195479529,0,0,0,0,0,0,0,0,0,0,0,0,0,0,0,0,0,0,0,0,0,0,0,0,0,0,0,0,0,0,0,0,0,0,0,0,0,0,0,0,0,0,0,0,0,0,0,0,0,0,0,0,0,0,0,0,0,0,0,0,0,0,1,0,0,0,0,0,0,0,0,0,0,0,0,0,0,0,0,0,0,0,0,0,0,0,0.34204043406565277,,,0.000316071733597029,,14.174675694797438,-0.20304109536543094,0.026399668655191,-0.08658727170649438,-0.022333996870742234,,-0.37323055037152963,,0.04055803643456659,0.034624,0.03158782548566402,0.009111014059672417,-0.03786706951157731,-0.019722960465236198,,,-0.04472333951200691,0.318453157201892,0.02840438719979829,,0.06144341499369913,24.8669482560935,-0.0036234320173134235,-0.0003519425125543672,0.08134094939359646,0.015583386972886703,0.07497321034605933,0.3594191910300766,0.05932925575010595,1.4073735425810172,-0.07004403570576467,0.2041721374453307,-0.09689345071754249,0.0001594027019975541,0.01135551449959557,0.08126477793908575,0.007741268839698945,1.9541864139020535,924.823,284.692,640.131,-0.009341238410503716,-0.00442597527487404,0.007741268839699,0.08126477793908575,-0.02274968498329044,-0.0035333593771800027,-0.05990124740124736,-0.005921350741306933,4.302371327854267e-05,1.4451334397304607,0.010947254572123862,-0.04476183558986757,0.10494700099546705,-0.0721491414086517,0.01173587918642749,0.017350313929285988,0.034972540789093065,-0.08766505607856823,0.10782780450220475,42.012895662368116,0.03662072428231866,,0.02316663631705324,0.00510374532469537,0.046744224796100166,-0.005686561784960225,10.603839183341348,1.5607769696441796,-0.011887159868341546,0.23337291513457864,-2.993376215678532,-0.00014243110294202282,-0.1200000000000001,0.1641260162601626,-1.0,0.04938271604938272
2007-11-30,0.0008474457695432034,6.297600905981798,0.34,-0.04933923194144522,-0.047445940398120265,0,0,0,0,0,0,0,0,0,0,0,0,0,0,0,0,0,0,0,0,0,0,0,0,0,0,0,0,0,0,0,0,0,0,0,0,0,0,0,0,0,0,0,0,0,0,0,0,0,0,0,0,0,0,0,0,0,0,0,0,0,0,1,0,0,0,0,0,0,0,0,0,0,0,0,0,0,0,0,0,0,0,0,0,0,0,0.6840808681311841,,,0.002434359808571728,,14.06467479958311,-0.1100018519547953,-0.20304109536543094,0.026399668655191,-0.08658727170649438,,-0.3306892190631555,,0.04055803643456659,0.004785,0.017778406385191813,0.03158782548566402,0.009111014059672417,-0.03786706951157731,,,-0.04472333951200691,0.318453157201892,0.02840438719979829,,0.06144341499369913,24.8669482560935,-0.0036234320173134235,-0.0003519425125543672,0.08134094939359646,0.015583386972886703,0.07497321034605933,0.3594191910300766,0.05932925575010595,1.4073735425810172,-0.07004403570576467,0.2041721374453307,-0.09689345071754249,0.0001594027019975541,0.01135551449959557,0.08126477793908575,0.007741268839698945,1.9541864139020535,924.823,284.692,640.131,-0.009341238410503716,-0.00442597527487404,0.007741268839699,0.08126477793908575,-0.02274968498329044,-0.0035333593771800027,-0.05990124740124736,-0.005921350741306933,4.302371327854267e-05,1.4451334397304607,0.010947254572123862,-0.04476183558986757,0.10494700099546705,-0.0721491414086517,0.01173587918642749,0.017350313929285988,0.034972540789093065,-0.08766505607856823,0.10782780450220475,42.012895662368116,0.03662072428231866,,0.02316663631705324,0.00510374532469537,0.046744224796100166,-0.005686561784960225,10.603839183341348,1.5607769696441796,-0.011887159868341546,0.23337291513457864,-2.993376215678532,-0.00014243110294202282,0.5699999999999998,0.21965317919075142,0.0,0.02887139107611549
2007-12-31,0.0007865473925411596,3.3566453406721237,0.27,-0.008718072325563021,0.026626457990723308,0,0,0,0,0,0,0,0,0,0,0,0,0,0,0,0,0,0,0,0,0,0,0,0,0,0,0,0,0,0,0,0,0,0,0,0,0,0,0,0,0,0,0,0,0,0,0,0,0,0,0,0,0,0,0,0,0,0,0,0,0,0,1,0,0,0,0,0,0,0,0,0,0,0,0,0,0,0,0,0,0,0,0,0,0,0,1.3681617362623681,,,7.600478507374783e-05,,13.984647579499775,-0.044045940398120265,-0.1100018519547953,-0.20304109536543094,0.026399668655191,,-0.3277624297276232,,0.037205758842971136,0.015258,-0.04933923194144522,0.017778406385191813,0.03158782548566402,0.009111014059672417,,,-0.04472333951200691,0.318453157201892,0.02840438719979829,,0.06144341499369913,24.8669482560935,-0.0036234320173134235,-0.0003519425125543672,0.08134094939359646,0.015583386972886703,0.07497321034605933,0.3594191910300766,0.05932925575010595,1.4073735425810172,-0.07004403570576467,0.2041721374453307,-0.09689345071754249,0.0001594027019975541,0.01135551449959557,0.08126477793908575,0.007741268839698945,1.9541864139020535,924.823,284.692,640.131,-0.009341238410503716,-0.00442597527487404,0.007741268839699,0.08126477793908575,-0.02274968498329044,-0.0035333593771800027,-0.05990124740124736,-0.005921350741306933,4.302371327854267e-05,1.4451334397304607,0.010947254572123862,-0.04476183558986757,0.10494700099546705,-0.0721491414086517,0.01173587918642749,0.017350313929285988,0.034972540789093065,-0.08766505607856823,0.10782780450220475,42.012895662368116,0.03662072428231866,,0.02316663631705324,0.00510374532469537,0.046744224796100166,-0.005686561784960225,10.603839183341348,1.5607769696441796,-0.011887159868341546,0.23337291513457864,-2.993376215678532,-0.00014243110294202282,0.5699999999999998,0.21965317919075142,0.0,0.02887139107611549
2008-01-31,0.0004182940489304447,7.460315208602272,0.21,-0.06557242295557354,-0.07585238642355412,0,0,0,0,0,0,0,0,0,0,0,0,0,0,0,0,0,0,0,0,0,0,0,0,0,0,0,0,0,0,0,0,0,0,0,0,0,0,0,0,0,0,0,0,0,0,0,0,0,0,0,0,0,0,0,0,0,0,0,0,0,0,1,0,0,0,0,0,0,0,0,0,0,0,0,0,0,0,0,0,0,0,0,0,0,0,1.0261213021967153,,,0.004299742652264628,,14.013975194594297,0.02932645799072331,-0.044045940398120265,-0.1100018519547953,-0.20304109536543094,,-0.19847372078574638,,0.02369540005205614,0.003121,-0.008718072325563021,-0.04933923194144522,0.017778406385191813,0.03158782548566402,,,-0.09478870466273803,0.3475831724656187,0.024000815189415985,,0.06738324739517201,21.118387534468425,0.017145240281282337,-0.0008477549725503877,0.08082489274970184,0.023429055295837768,0.08216500022060538,0.46236478263118763,0.0767240217796199,1.4417627201456904,0.024435003589456494,0.25782256132259124,-0.12152100058197801,0.00013931994447936,0.011106675321943826,0.12185474121852868,6.933792784646897e-05,1.025191990239001,929.0790000000001,284.289,644.7900000000001,0.007278197743899373,-0.004411566128729325,6.933792784656454e-05,0.12185474121852868,-0.047861978108225456,0.018659019130939848,-0.08860032176511146,0.002639043556825541,0.00552435848483643,1.4751149310413751,0.017271440784798475,-0.08644625733505085,0.12593477171890655,0.020746521038573773,-0.006344364649562895,-0.012949295263511962,0.17536053443526245,-0.027639414035957044,0.07199355504144167,50.3601462522852,0.1986830581019412,,0.028928623957304646,0.004903586034097641,0.061578646056962935,-0.008698258000049018,13.262879152623976,1.521001696599773,0.056927895750202184,0.24023500671270664,-2.8518894304759566,8.508518047587807e-05,0.5100000000000002,0.2161849710982659,1.0,0.032
2008-02-29,0.00017754906602113842,8.325036383778045,0.13,-0.031346921352296636,0.05391924407832797,0,0,0,0,0,0,0,0,0,0,0,0,0,0,0,0,0,0,0,0,0,0,0,0,0,0,0,0,0,0,0,0,0,0,0,0,0,0,0,0,0,0,0,0,0,0,0,0,0,0,0,0,0,0,0,0,0,0,0,0,0,0,1,0,0,0,0,0,0,0,0,0,0,0,0,0,0,0,0,0,0,0,0,0,0,0,0.34204043406565277,,,0.0009826294782670707,,13.940222872839984,-0.07375238642355411,0.02932645799072331,-0.044045940398120265,-0.1100018519547953,,-0.0332526247526231,,0.02369540005205614,-0.01971,-0.06557242295557354,-0.008718072325563021,-0.04933923194144522,0.017778406385191813,,,-0.09478870466273803,0.3475831724656187,0.024000815189415985,,0.06738324739517201,21.118387534468425,0.017145240281282337,-0.0008477549725503877,0.08082489274970184,0.023429055295837768,0.08216500022060538,0.46236478263118763,0.0767240217796199,1.4417627201456904,0.024435003589456494,0.25782256132259124,-0.12152100058197801,0.00013931994447936,0.011106675321943826,0.12185474121852868,6.933792784646897e-05,1.025191990239001,929.0790000000001,284.289,644.7900000000001,0.007278197743899373,-0.004411566128729325,6.933792784656454e-05,0.12185474121852868,-0.047861978108225456,0.018659019130939848,-0.08860032176511146,0.002639043556825541,0.00552435848483643,1.4751149310413751,0.017271440784798475,-0.08644625733505085,0.12593477171890655,0.020746521038573773,-0.006344364649562895,-0.012949295263511962,0.17536053443526245,-0.027639414035957044,0.07199355504144167,50.3601462522852,0.1986830581019412,,0.028928623957304646,0.004903586034097641,0.061578646056962935,-0.008698258000049018,13.262879152623976,1.521001696599773,0.056927895750202184,0.24023500671270664,-2.8518894304759566,8.508518047587807e-05,-1.3200000000000003,0.17702999268471104,-2.0,0.10699588477366256
2008-03-31,0.00020990352007002055,7.006411408712326,0.17,-0.009329027164491164,-0.21440012395846253,0,0,0,0,0,0,0,0,0,0,0,0,0,0,0,0,0,0,0,0,0,0,0,0,0,0,0,0,0,0,0,0,0,0,0,0,0,0,0,0,0,0,0,0,0,0,0,0,0,0,0,0,0,0,0,0,0,0,0,0,0,0,1,0,0,0,0,0,0,0,0,0,0,0,0,0,0,0,0,0,0,0,0,0,0,0,0.34204043406559204,,,8.703074783581405e-05,,13.936704622773782,0.05521924407832797,-0.07375238642355411,0.02932645799072331,-0.044045940398120265,,-0.20190680831296537,,0.03698179024141409,0.018629,-0.031346921352296636,-0.06557242295557354,-0.008718072325563021,-0.04933923194144522,,,-0.09478870466273803,0.3475831724656187,0.024000815189415985,,0.06738324739517201,21.118387534468425,0.017145240281282337,-0.0008477549725503877,0.08082489274970184,0.023429055295837768,0.08216500022060538,0.46236478263118763,0.0767240217796199,1.4417627201456904,0.024435003589456494,0.25782256132259124,-0.12152100058197801,0.00013931994447936,0.011106675321943826,0.12185474121852868,6.933792784646897e-05,1.025191990239001,929.0790000000001,284.289,644.7900000000001,0.007278197743899373,-0.004411566128729325,6.933792784656454e-05,0.12185474121852868,-0.047861978108225456,0.018659019130939848,-0.08860032176511146,0.002639043556825541,0.00552435848483643,1.4751149310413751,0.017271440784798475,-0.08644625733505085,0.12593477171890655,0.020746521038573773,-0.006344364649562895,-0.012949295263511962,0.17536053443526245,-0.027639414035957044,0.07199355504144167,50.3601462522852,0.1986830581019412,,0.028928623957304646,0.004903586034097641,0.061578646056962935,-0.008698258000049018,13.262879152623976,1.521001696599773,0.056927895750202184,0.24023500671270664,-2.8518894304759566,8.508518047587807e-05,-1.3200000000000003,0.17702999268471104,-2.0,0.10699588477366256
2008-04-30,0.0003375628646396648,7.722470905749221,0.18,0.04489272799198235,-0.002533707999317757,0,0,0,0,0,0,0,0,0,0,0,0,0,0,0,0,0,0,0,0,0,0,0,0,0,0,0,0,0,0,0,0,0,0,0,0,0,0,0,0,0,0,0,0,0,0,0,0,0,0,0,0,0,0,0,0,0,0,0,0,0,0,1,0,0,0,0,0,0,0,0,0,0,0,0,0,0,0,0,0,0,0,0,0,0,0,0.34204043406559204,,,0.0020153570265621155,,13.724003110599151,-0.21270012395846252,0.05521924407832797,-0.07375238642355411,0.02932645799072331,,-0.23196697430300642,,0.03698179024141409,-0.009427,-0.009329027164491164,-0.031346921352296636,-0.06557242295557354,-0.008718072325563021,,,-0.08148172631196238,0.39780394249660567,0.029426050352141183,,0.03802713752523777,8.90058459422283,-0.0367564665732168,-0.00011290673051932822,0.08150789149087505,0.01573426988488423,0.05991938885504056,0.6894751041312533,0.09555145800439435,1.4410664539559954,-0.0004829270308949196,0.3109666621905182,-0.02498221186415403,0.0001353914955422706,0.016186885657664782,0.042896905383196814,-0.013759472900204517,-0.6733592610597958,911.202,274.08799999999997,637.114,-0.011904651126723453,-0.0018374677746509289,-0.013759472900204501,0.042896905383196814,-0.07022786151672178,-0.05195356580226361,-0.3848249027237354,-0.004797641833503818,-0.0012943038083979338,1.4767257059637544,0.005695652825987094,-0.15916790694031013,0.08534388218705942,0.0010919657095749269,0.008450351345201446,0.05806783901585666,-0.09623531981960287,0.025284957735799307,-0.09054913146046228,45.425308746405015,-0.09799092880228188,,0.014272117790668603,0.006574361454017059,0.03325728497571675,-0.016814799386032257,9.719430970824586,1.5656775337177908,-0.11388139939343334,0.22676796708236227,-2.0625506563966716,-0.00023162475908853543,-1.3800000000000003,0.17264081931236283,-1.0,0.10126582278481014
2008-05-30,0.00038125408769694533,6.6987623898443305,0.18,0.018394707285519254,-0.004301125861651737,0,0,0,0,0,0,0,0,0,0,0,0,0,0,0,0,0,0,0,0,0,0,0,0,0,0,0,0,0,0,0,0,0,0,0,0,0,0,0,0,0,0,0,0,0,0,0,0,0,0,0,0,0,0,0,0,0,0,0,0,0,0,1,0,0,0,0,0,0,0,0,0,0,0,0,0,0,0,0,0,0,0,0,0,0,0,2.394283038459205,,,0.00033836525611993513,,13.679405639518249,-0.0007337079993177571,-0.21270012395846252,0.05521924407832797,-0.07375238642355411,,-0.16071571374110402,,0.03698179024141409,-0.007326,0.04489272799198235,-0.009329027164491164,-0.031346921352296636,-0.06557242295557354,,,-0.08148172631196238,0.39780394249660567,0.029426050352141183,,0.03802713752523777,8.90058459422283,-0.0367564665732168,-0.00011290673051932822,0.08150789149087505,0.01573426988488423,0.05991938885504056,0.6894751041312533,0.09555145800439435,1.4410664539559954,-0.0004829270308949196,0.3109666621905182,-0.02498221186415403,0.0001353914955422706,0.016186885657664782,0.042896905383196814,-0.013759472900204517,-0.6733592610597958,911.202,274.08799999999997,637.114,-0.011904651126723453,-0.0018374677746509289,-0.013759472900204501,0.042896905383196814,-0.07022786151672178,-0.05195356580226361,-0.3848249027237354,-0.004797641833503818,-0.0012943038083979338,1.4767257059637544,0.005695652825987094,-0.15916790694031013,0.08534388218705942,0.0010919657095749269,0.008450351345201446,0.05806783901585666,-0.09623531981960287,0.025284957735799307,-0.09054913146046228,45.425308746405015,-0.09799092880228188,,0.014272117790668603,0.006574361454017059,0.03325728497571675,-0.016814799386032257,9.719430970824586,1.5656775337177908,-0.11388139939343334,0.22676796708236227,-2.0625506563966716,-0.00023162475908853543,0.28000000000000025,0.23056768558951968,1.0,0.07924528301886792
2008-06-30,0.0006280937859334843,17.13810790273556,0.17,-0.08802070646652715,-0.17009674393869104,0,0,0,0,0,0,0,0,0,0,0,0,0,0,0,0,0,0,0,0,0,0,0,0,0,0,0,0,0,0,0,0,0,0,0,0,0,0,0,0,0,0,0,0,0,0,0,0,0,0,0,0,0,0,0,0,0,0,0,0,0,0,1,0,0,0,0,0,0,0,0,0,0,0,0,0,0,0,0,0,0,0,0,0,0,0,0.34204043406565277,,,0.007747644766866535,,13.659939670118863,-0.002501125861651737,-0.0007337079993177571,-0.21270012395846252,0.05521924407832797,,-0.38433170175812303,,0.03698179024141409,0.013274,0.018394707285519254,0.04489272799198235,-0.009329027164491164,-0.031346921352296636,,,-0.08148172631196238,0.39780394249660567,0.029426050352141183,,0.03802713752523777,8.90058459422283,-0.0367564665732168,-0.00011290673051932822,0.08150789149087505,0.01573426988488423,0.05991938885504056,0.6894751041312533,0.09555145800439435,1.4410664539559954,-0.0004829270308949196,0.3109666621905182,-0.02498221186415403,0.0001353914955422706,0.016186885657664782,0.042896905383196814,-0.013759472900204517,-0.6733592610597958,911.202,274.08799999999997,637.114,-0.011904651126723453,-0.0018374677746509289,-0.013759472900204501,0.042896905383196814,-0.07022786151672178,-0.05195356580226361,-0.3848249027237354,-0.004797641833503818,-0.0012943038083979338,1.4767257059637544,0.005695652825987094,-0.15916790694031013,0.08534388218705942,0.0010919657095749269,0.008450351345201446,0.05806783901585666,-0.09623531981960287,0.025284957735799307,-0.09054913146046228,45.425308746405015,-0.09799092880228188,,0.014272117790668603,0.006574361454017059,0.03325728497571675,-0.016814799386032257,9.719430970824586,1.5656775337177908,-0.11388139939343334,0.22676796708236227,-2.0625506563966716,-0.00023162475908853543,0.27,0.22969432314410482,1.0,0.07954545454545456
2008-07-31,0.0003356632125031507,8.141147416413375,0.15,-0.007719299813916832,0.07901212516517189,0,0,0,0,0,0,0,0,0,0,0,0,0,0,0,0,0,0,0,0,0,0,0,0,0,0,0,0,0,0,0,0,0,0,0,0,0,0,0,0,0,0,0,0,0,0,0,0,0,0,0,0,0,0,0,0,0,0,0,0,0,0,1,0,0,0,0,0,0,0,0,0,0,0,0,0,0,0,0,0,0,0,0,0,0,0,0.34204043406559204,,,5.958758961713644e-05,,13.491542852793403,-0.16839674393869103,-0.002501125861651737,-0.0007337079993177571,-0.21270012395846252,,-0.09111945263448859,,0.03698179024141409,-0.002412,-0.08802070646652715,0.018394707285519254,0.04489272799198235,-0.009329027164491164,,,0.5364948817854374,0.49930062638049033,0.02431908776437299,,0.04668340459807542,3.846347141240976,0.0066104491020815,0.001007387153062531,0.08376798143851508,0.02515604266748798,0.06874359139869142,0.8059007728501469,-0.01987610399470552,1.5000242177661531,0.04091259195459562,0.3794758789474211,-0.03724792834853056,0.00013635586168991314,0.01659920920187461,0.07377209086643259,0.006594392157029949,-0.5732714321153913,922.037,274.13,647.907,0.01694045335685601,-0.0020438942245681823,0.0065943921570298615,0.07377209086643259,0.0011082086598590557,0.016844036162995527,-0.21018609206660133,-0.0035714742210500826,-0.008870152559890427,1.541515305628209,0.013363888703778068,0.05247314332294972,0.12741564528807234,0.043873821253873846,0.027728480105426945,-0.034869481304118155,-0.13806307399730766,-0.04615844056044316,0.03224167146029289,40.03438729418622,-0.11867660564102245,,0.01940078480829289,0.006652035964416003,0.053026288974933763,-0.021254328571976108,11.955269341223566,1.4980998129801584,0.023265514377543983,0.22804831013979612,-2.4652812245649924,0.00041434131987736855,0.27,0.22969432314410482,0.0,0.07954545454545456
2008-08-29,0.0013166048970805553,3.571400869593109,0.13,0.015163726030665032,-0.006148064240015808,0,0,0,0,0,0,0,0,0,0,0,0,0,0,0,0,0,0,0,0,0,0,0,0,0,0,0,0,0,0,0,0,0,0,0,0,0,0,0,0,0,0,0,0,0,0,0,0,0,0,0,0,0,0,0,0,0,0,0,0,0,0,1,0,0,0,0,0,0,0,0,0,0,0,0,0,0,0,0,0,0,0,0,0,0,0,0.34204043406559204,,,0.00022993858713306827,,13.572055722009669,0.0805121251651719,-0.16839674393869103,-0.002501125861651737,-0.0007337079993177571,,-0.09523380887518665,,0.05501927574474106,0.004882,-0.007719299813916832,-0.08802070646652715,0.018394707285519254,0.04489272799198235,,,0.5364948817854374,0.49930062638049033,0.02431908776437299,,0.04668340459807542,3.846347141240976,0.0066104491020815,0.001007387153062531,0.08376798143851508,0.02515604266748798,0.06874359139869142,0.8059007728501469,-0.01987610399470552,1.5000242177661531,0.04091259195459562,0.3794758789474211,-0.03724792834853056,0.00013635586168991314,0.01659920920187461,0.07377209086643259,0.006594392157029949,-0.5732714321153913,922.037,274.13,647.907,0.01694045335685601,-0.0020438942245681823,0.0065943921570298615,0.07377209086643259,0.0011082086598590557,0.016844036162995527,-0.21018609206660133,-0.0035714742210500826,-0.008870152559890427,1.541515305628209,0.013363888703778068,0.05247314332294972,0.12741564528807234,0.043873821253873846,0.027728480105426945,-0.034869481304118155,-0.13806307399730766,-0.04615844056044316,0.03224167146029289,40.03438729418622,-0.11867660564102245,,0.01940078480829289,0.006652035964416003,0.053026288974933763,-0.021254328571976108,11.955269341223566,1.4980998129801584,0.023265514377543983,0.22804831013979612,-2.4652812245649924,0.00041434131987736855,0.3700000000000001,0.28929604628736744,-1.0,0.06312292358803988
2008-09-30,0.000520560566105766,11.71935040086023,0.15,-0.0968001798543245,-0.1699726902608579,0,0,0,0,0,0,0,0,0,0,0,0,0,0,0,0,0,0,0,0,0,0,0,0,0,0,0,0,0,0,0,0,0,0,0,0,0,0,0,0,0,0,0,0,0,0,0,0,0,0,0,0,0,0,0,0,0,0,0,0,0,0,1,0,0,0,0,0,0,0,0,0,0,0,0,0,0,0,0,0,0,0,0,0,0,0,0.6840808681311841,,,0.00937027481982957,,13.568332541495648,-0.0048480642400158085,0.0805121251651719,-0.16839674393869103,-0.002501125861651737,,-0.2612053732743928,,0.05501927574474106,0.02775,0.015163726030665032,-0.007719299813916832,-0.08802070646652715,0.018394707285519254,,,0.5364948817854374,0.49930062638049033,0.02431908776437299,,0.04668340459807542,3.846347141240976,0.0066104491020815,0.001007387153062531,0.08376798143851508,0.02515604266748798,0.06874359139869142,0.8059007728501469,-0.01987610399470552,1.5000242177661531,0.04091259195459562,0.3794758789474211,-0.03724792834853056,0.00013635586168991314,0.01659920920187461,0.07377209086643259,0.006594392157029949,-0.5732714321153913,922.037,274.13,647.907,0.01694045335685601,-0.0020438942245681823,0.0065943921570298615,0.07377209086643259,0.0011082086598590557,0.016844036162995527,-0.21018609206660133,-0.0035714742210500826,-0.008870152559890427,1.541515305628209,0.013363888703778068,0.05247314332294972,0.12741564528807234,0.043873821253873846,0.027728480105426945,-0.034869481304118155,-0.13806307399730766,-0.04615844056044316,0.03224167146029289,40.03438729418622,-0.11867660564102245,,0.01940078480829289,0.006652035964416003,0.053026288974933763,-0.021254328571976108,11.955269341223566,1.4980998129801584,0.023265514377543983,0.22804831013979612,-2.4652812245649924,0.00041434131987736855,0.3700000000000001,0.28929604628736744,-1.0,0.06312292358803988
2008-10-31,0.0012480423418054724,5.134489792691219,0.08,-0.18893844211551944,-0.39237958440430665,0,0,0,0,0,0,0,0,0,0,0,0,0,0,0,0,0,0,0,0,0,0,0,0,0,0,0,0,0,0,0,0,0,0,0,0,0,0,0,0,0,0,0,0,0,0,0,0,0,0,0,0,0,0,0,0,0,0,0,0,0,0,1,0,0,0,0,0,0,0,0,0,0,0,0,0,0,0,0,0,0,0,0,0,0,0,2.0522426043935824,,,0.03569773490903949,,13.393593500663098,-0.1684726902608579,-0.0048480642400158085,0.0805121251651719,-0.16839674393869103,,-0.4843882137400084,,0.05501927574474106,0.076805,-0.0968001798543245,0.015163726030665032,-0.007719299813916832,-0.08802070646652715,,,-0.23746501699636768,0.5699133482910788,0.023585026930443613,,0.04544991392671167,0.8364159513103535,-0.005187913222697802,0.0009598121510504372,0.08545847843167688,0.02531109992503862,0.06483016895264786,0.8521941905366284,-0.041298703524391356,1.579818487042283,0.05319532066952881,0.41118236016051457,-0.06287305198839657,0.00013426311252485716,0.016863712688492318,0.11472334114684374,-0.012172242039578118,1.4022920077392467,911.4989999999999,263.90700000000004,647.5919999999999,-0.00048618088707197415,-0.0037818377135877637,-0.012172242039578085,0.11472334114684374,0.0010437257847710768,-0.005924131108912873,-0.24616447823082244,-0.0012930956943722773,-0.011787353601916625,1.6306329346343509,0.02183320397987683,0.03483959127447345,0.11080068821677724,0.05781170558655213,0.020180705851227998,0.015724664876207384,-0.1483722074823457,0.0016533977008613698,0.016999359457739005,34.78708596468618,-0.13106985479610556,,0.017581657088375998,0.0068781747946207745,0.04595949257843403,-0.025567029193013756,12.259299632102467,1.500625462147031,-0.017626548646799245,0.2249712838344495,-2.432516367033607,-0.0005331859749481505,0.3200000000000003,0.28447444551591133,-1.0,0.05405405405405406
2008-11-28,0.0011425020321802336,5.595540336276723,0.03,-0.08183548798251854,-0.16089198281331243,0,0,0,0,0,0,0,0,0,0,0,0,0,0,0,0,0,0,0,0,0,0,0,0,0,0,0,0,0,0,0,0,0,0,0,0,0,0,0,0,0,0,0,0,0,0,0,0,0,0,0,0,0,0,0,0,0,0,0,0,0,0,1,0,0,0,0,0,0,0,0,0,0,0,0,0,0,0,0,0,0,0,0,0,0,0,0.6840808681311841,,,0.006697047093336936,,13.00201417946816,-0.3915795844043066,-0.1684726902608579,-0.0048480642400158085,0.0805121251651719,,-0.7254923217184928,,0.05501927574474106,0.006745,-0.18893844211551944,-0.0968001798543245,0.015163726030665032,-0.007719299813916832,,,-0.23746501699636768,0.5699133482910788,0.023585026930443613,,0.04544991392671167,0.8364159513103535,-0.005187913222697802,0.0009598121510504372,0.08545847843167688,0.02531109992503862,0.06483016895264786,0.8521941905366284,-0.041298703524391356,1.579818487042283,0.05319532066952881,0.41118236016051457,-0.06287305198839657,0.00013426311252485716,0.016863712688492318,0.11472334114684374,-0.012172242039578118,1.4022920077392467,911.4989999999999,263.90700000000004,647.5919999999999,-0.00048618088707197415,-0.0037818377135877637,-0.012172242039578085,0.11472334114684374,0.0010437257847710768,-0.005924131108912873,-0.24616447823082244,-0.0012930956943722773,-0.011787353601916625,1.6306329346343509,0.02183320397987683,0.03483959127447345,0.11080068821677724,0.05781170558655213,0.020180705851227998,0.015724664876207384,-0.1483722074823457,0.0016533977008613698,0.016999359457739005,34.78708596468618,-0.13106985479610556,,0.017581657088375998,0.0068781747946207745,0.04595949257843403,-0.025567029193013756,12.259299632102467,1.500625462147031,-0.017626548646799245,0.2249712838344495,-2.432516367033607,-0.0005331859749481505,0.11999999999999966,0.49198717948717946,1.0,0.07467532467532469
2008-12-31,0.0016768270884739219,3.081905062791249,0.0,0.017250353406527672,0.056842948033304766,0,0,0,0,0,0,0,0,0,0,0,0,0,0,0,0,0,0,0,0,0,0,0,0,0,0,0,0,0,0,0,0,0,0,0,0,0,0,0,0,0,0,0,0,0,0,0,0,0,0,0,0,0,0,0,0,0,0,0,0,0,0,1,0,0,0,0,0,0,0,0,0,0,0,0,0,0,0,0,0,0,0,0,0,0,0,1.7102021703279904,,,0.00029757469265010084,,12.842466521358864,-0.16059198281331244,-0.3915795844043066,-0.1684726902608579,-0.0048480642400158085,,-0.6638013094451721,,0.05501927574474106,0.068493,-0.08183548798251854,-0.18893844211551944,-0.0968001798543245,0.015163726030665032,,,-0.23746501699636768,0.5699133482910788,0.023585026930443613,,0.04544991392671167,0.8364159513103535,-0.005187913222697802,0.0009598121510504372,0.08545847843167688,0.02531109992503862,0.06483016895264786,0.8521941905366284,-0.041298703524391356,1.579818487042283,0.05319532066952881,0.41118236016051457,-0.06287305198839657,0.00013426311252485716,0.016863712688492318,0.11472334114684374,-0.012172242039578118,1.4022920077392467,911.4989999999999,263.90700000000004,647.5919999999999,-0.00048618088707197415,-0.0037818377135877637,-0.012172242039578085,0.11472334114684374,0.0010437257847710768,-0.005924131108912873,-0.24616447823082244,-0.0012930956943722773,-0.011787353601916625,1.6306329346343509,0.02183320397987683,0.03483959127447345,0.11080068821677724,0.05781170558655213,0.020180705851227998,0.015724664876207384,-0.1483722074823457,0.0016533977008613698,0.016999359457739005,34.78708596468618,-0.13106985479610556,,0.017581657088375998,0.0068781747946207745,0.04595949257843403,-0.025567029193013756,12.259299632102467,1.500625462147031,-0.017626548646799245,0.2249712838344495,-2.432516367033607,-0.0005331859749481505,-0.050000000000000266,0.4647435897435897,0.0,0.10309278350515465
2009-01-30,0.0011115742334594826,5.497827975673328,0.0,-0.0846868081671938,0.009568179151893896,0,0,0,0,0,0,0,0,0,0,0,0,0,0,0,0,0,0,0,0,0,0,0,0,0,0,0,0,0,0,0,0,0,0,0,0,0,0,0,0,0,0,0,0,0,0,0,0,0,0,0,0,0,0,0,0,0,0,0,0,0,0,1,0,0,0,0,0,0,0,0,0,0,0,0,0,0,0,0,0,0,0,0,0,0,0,0.34204043406559204,,,0.007171855477547083,,12.88669977633569,0.056842948033304766,-0.16059198281331244,-0.3915795844043066,-0.1684726902608579,,-0.4857604400324204,,0.06419143909226821,-0.131034,0.017250353406527672,-0.08183548798251854,-0.18893844211551944,-0.0968001798543245,,,0.34717408976169084,0.9006181293409465,0.033014582416596064,,0.042742743102043464,-9.223231325221315,-0.00029554514944737286,-0.0002933559261180908,0.09740026479734791,0.03620445860207423,0.05868541517525824,1.4081325636133009,-0.003955974809038976,1.2449569872426558,-0.21196200863970815,0.6814378633839943,-0.11206086916544616,0.00013299302369905078,0.016961612879241656,0.2949250679408533,-0.021370817425732325,0.6565899842205796,883.405,286.56899999999996,596.836,-0.07837650866594992,-0.007816745896027216,-0.02137081742573232,0.2949250679408533,0.001769324339267797,-0.00848900212503198,-0.5007565250283696,-0.0024616610749039433,-0.00960740331431416,1.2848057101765786,0.04827176907428591,-0.04741131595337178,0.09358235166756206,-0.21208158937089028,0.13973787721037367,0.03269670186121565,0.0335847854297564,0.05709260189014331,0.08993986532051568,35.99559471365639,0.03474015472859726,,0.015346282227621166,0.006644360854978851,0.03829365238473279,-0.08434228684808226,8.940121348761645,1.5915841291952446,-0.0010003223260830474,0.22714684215480874,-2.435790744047451,-0.0011372334476429857,-0.1200000000000001,0.453525641025641,0.0,0.09154929577464789
2009-02-27,0.0019650059933537306,2.96279914698681,0.01,-0.10646101599140982,-0.10202191474393443,0,0,0,0,0,0,0,0,0,0,0,0,0,0,0,0,0,0,0,0,0,0,0,0,0,0,0,0,0,0,0,0,0,0,0,0,0,0,0,0,0,0,0,0,0,0,0,0,0,0,0,0,0,0,0,0,0,0,0,0,0,0,1,0,0,0,0,0,0,0,0,0,0,0,0,0,0,0,0,0,0,0,0,0,0,0,0.6840808681311841,,,0.011333947925923217,,12.89626922735184,0.009568179151893896,0.056842948033304766,-0.16059198281331244,-0.3915795844043066,,-0.1961027703720482,,0.06419143909226821,0.056497,-0.0846868081671938,0.017250353406527672,-0.08183548798251854,-0.18893844211551944,,,0.34717408976169084,0.9006181293409465,0.033014582416596064,,0.042742743102043464,-9.223231325221315,-0.00029554514944737286,-0.0002933559261180908,0.09740026479734791,0.03620445860207423,0.05868541517525824,1.4081325636133009,-0.003955974809038976,1.2449569872426558,-0.21196200863970815,0.6814378633839943,-0.11206086916544616,0.00013299302369905078,0.016961612879241656,0.2949250679408533,-0.021370817425732325,0.6565899842205796,883.405,286.56899999999996,596.836,-0.07837650866594992,-0.007816745896027216,-0.02137081742573232,0.2949250679408533,0.001769324339267797,-0.00848900212503198,-0.5007565250283696,-0.0024616610749039433,-0.00960740331431416,1.2848057101765786,0.04827176907428591,-0.04741131595337178,0.09358235166756206,-0.21208158937089028,0.13973787721037367,0.03269670186121565,0.0335847854297564,0.05709260189014331,0.08993986532051568,35.99559471365639,0.03474015472859726,,0.015346282227621166,0.006644360854978851,0.03829365238473279,-0.08434228684808226,8.940121348761645,1.5915841291952446,-0.0010003223260830474,0.22714684215480874,-2.435790744047451,-0.0011372334476429857,-1.9,0.1738317757009346,-1.0,0.2872340425531915
2009-03-31,0.0021634355881934722,3.513500989040532,0.02,0.08570242900070328,-0.047652902351408316,0,0,0,0,0,0,0,0,0,0,0,0,0,0,0,0,0,0,0,0,0,0,0,0,0,0,0,0,0,0,0,0,0,0,0,0,0,0,0,0,0,0,0,0,0,0,0,0,0,0,0,0,0,0,0,0,0,0,0,0,0,0,1,0,0,0,0,0,0,0,0,0,0,0,0,0,0,0,0,0,0,0,0,0,0,0,0.3420404340656224,,,0.0073449063366205864,,12.780270313488959,-0.10192191474393443,0.009568179151893896,0.056842948033304766,-0.16059198281331244,,-0.08296368991014408,,0.04897441745012352,0.01518,-0.10646101599140982,-0.0846868081671938,0.017250353406527672,-0.08183548798251854,,0.001316366705036937,0.34717408976169084,0.9006181293409465,0.033014582416596064,,0.042742743102043464,-9.223231325221315,-0.00029554514944737286,-0.0002933559261180908,0.09740026479734791,0.03620445860207423,0.05868541517525824,1.4081325636133009,-0.003955974809038976,1.2449569872426558,-0.21196200863970815,0.6814378633839943,-0.11206086916544616,0.00013299302369905078,0.016961612879241656,0.2949250679408533,-0.021370817425732325,0.6565899842205796,883.405,286.56899999999996,596.836,-0.07837650866594992,-0.007816745896027216,-0.02137081742573232,0.2949250679408533,0.001769324339267797,-0.00848900212503198,-0.5007565250283696,-0.0024616610749039433,-0.00960740331431416,1.2848057101765786,0.04827176907428591,-0.04741131595337178,0.09358235166756206,-0.21208158937089028,0.13973787721037367,0.03269670186121565,0.0335847854297564,0.05709260189014331,0.08993986532051568,35.99559471365639,0.03474015472859726,,0.015346282227621166,0.006644360854978851,0.03829365238473279,-0.08434228684808226,8.940121348761645,1.5915841291952446,-0.0010003223260830474,0.22714684215480874,-2.435790744047451,-0.0011372334476429857,-2.15,0.12710280373831778,-1.0,0.3333333333333333
2009-04-30,0.0016896535769786818,6.417872178828153,0.01,0.09693596251159435,0.43422653221735263,0,0,0,0,0,0,0,0,0,0,0,0,0,0,0,0,0,0,0,0,0,0,0,0,0,0,0,0,0,0,0,0,0,0,0,0,0,0,0,0,0,0,0,0,0,0,0,0,0,0,0,0,0,0,0,0,0,0,0,0,0,0,1,0,0,0,0,0,0,0,0,0,0,0,0,0,0,0,0,0,0,0,0,0,0,0,0.34204043406559204,1.0482484970971513,0.08106876852527457,0.009396580828049225,-9.781922842630953,12.735623993410796,-0.04745290235140832,-0.10192191474393443,0.009568179151893896,0.056842948033304766,,0.2945198942739038,,0.04897441745012352,0.081152,0.08570242900070328,-0.10646101599140982,-0.0846868081671938,0.017250353406527672,,0.0014656026117482177,0.34717408976169084,0.9006181293409465,0.033014582416596064,,0.042742743102043464,-9.223231325221315,-0.00029554514944737286,-0.0002933559261180908,0.09740026479734791,0.03620445860207423,0.05868541517525824,1.4081325636133009,-0.003955974809038976,1.2449569872426558,-0.21196200863970815,0.6814378633839943,-0.11206086916544616,0.00013299302369905078,0.016961612879241656,0.2949250679408533,-0.021370817425732325,0.6565899842205796,883.405,286.56899999999996,596.836,-0.07837650866594992,-0.007816745896027216,-0.02137081742573232,0.2949250679408533,0.001769324339267797,-0.00848900212503198,-0.5007565250283696,-0.0024616610749039433,-0.00960740331431416,1.2848057101765786,0.04827176907428591,-0.04741131595337178,0.09358235166756206,-0.21208158937089028,0.13973787721037367,0.03269670186121565,0.0335847854297564,0.05709260189014331,0.08993986532051568,35.99559471365639,0.03474015472859726,,0.015346282227621166,0.006644360854978851,0.03829365238473279,-0.08434228684808226,8.940121348761645,1.5915841291952446,-0.0010003223260830474,0.22714684215480874,-2.435790744047451,-0.0011372334476429857,-2.27,0.1046728971962617,-1.0,0.6666666666666666
2009-05-29,0.0006065779366400357,4.2656620685497995,0.0,0.050788166832105096,0.029207887400788494,0,0,0,0,0,0,0,0,0,0,0,0,0,0,0,0,0,0,0,0,0,0,0,0,0,0,0,0,0,0,0,0,0,0,0,0,0,0,0,0,0,0,0,0,0,0,0,0,0,0,0,0,0,0,0,0,0,0,0,0,0,0,1,0,0,0,0,0,0,0,0,0,0,0,0,0,0,0,0,0,0,0,0,0,0,0,0.6840808681311841,1.4028221076853176,0.10081892745947488,0.00257943789016574,-0.98681818188191,13.173646963744757,0.4343265322173526,-0.04745290235140832,-0.10192191474393443,0.009568179151893896,,0.3141596025227984,,0.1905605351386098,-0.009401,0.09693596251159435,0.08570242900070328,-0.10646101599140982,-0.0846868081671938,,0.003258736102324875,1.1449191107190826,1.0587381243977743,0.0554156030898532,,0.029798032454814237,-6.606946595594892,-0.05792805947855937,-0.001874867633453345,0.0979679097240589,0.020923968943124892,0.04236286825766611,1.5795640903521388,-0.0360341281492621,1.3095250508315521,0.051863690272466734,0.6401411125405154,-0.029060448318526857,0.00012358139642336513,0.021015657293052274,0.09759421410351969,-0.017991037319690095,-0.8656217086921504,847.415,273.616,573.799,-0.03859854298333221,-0.0040786594131265765,-0.017991037319690133,0.09759421410351969,0.0023023670225348347,-0.033127520971728365,-0.47223276407337134,-0.0069715816919631544,-0.013953904675256316,1.3431173209599778,0.014051261224209518,0.010219658110064644,0.06355156970805786,0.04538554765248137,0.005827960816041422,0.02441802718465591,0.03210363871619526,-0.042842991003719355,-0.018244627313053652,37.47185401962472,0.04101222157077622,,0.00778816199376947,0.008023752753124225,0.019965092655988687,-0.14949683221697174,4.3784370914211,1.5113731044825862,-0.19273261312179424,0.2278513180921383,-2.2663252907577314,0.0014704124345133447,1.0799999999999998,0.1772972972972973,-1.0,0.19393939393939397
2009-06-30,0.0004826795267481349,5.54038322373596,0.01,0.004290348301292854,0.09272926653015756,0,0,0,0,0,0,0,0,0,0,0,0,0,0,0,0,0,0,0,0,0,0,0,0,0,0,0,0,0,0,0,0,0,0,0,0,0,0,0,0,0,0,0,0,0,0,0,0,0,0,0,0,0,0,0,0,0,0,0,0,0,0,1,0,0,0,0,0,0,0,0,0,0,0,0,0,0,0,0,0,0,0,0,0,0,0,0.34204043406559204,1.3938400739631631,0.1008674410120948,1.8407088546406476e-05,-1.0823491267476089,13.19163078720219,0.029207887400788494,0.4343265322173526,-0.04745290235140832,-0.10192191474393443,,0.5089107837968904,,0.1905605351386098,0.006529,0.050788166832105096,0.09693596251159435,0.08570242900070328,-0.10646101599140982,,0.002891162000624826,1.1449191107190826,1.0587381243977743,0.0554156030898532,,0.029798032454814237,-6.606946595594892,-0.05792805947855937,-0.001874867633453345,0.0979679097240589,0.020923968943124892,0.04236286825766611,1.5795640903521388,-0.0360341281492621,1.3095250508315521,0.051863690272466734,0.6401411125405154,-0.029060448318526857,0.00012358139642336513,0.021015657293052274,0.09759421410351969,-0.017991037319690095,-0.8656217086921504,847.415,273.616,573.799,-0.03859854298333221,-0.0040786594131265765,-0.017991037319690133,0.09759421410351969,0.0023023670225348347,-0.033127520971728365,-0.47223276407337134,-0.0069715816919631544,-0.013953904675256316,1.3431173209599778,0.014051261224209518,0.010219658110064644,0.06355156970805786,0.04538554765248137,0.005827960816041422,0.02441802718465591,0.03210363871619526,-0.042842991003719355,-0.018244627313053652,37.47185401962472,0.04101222157077622,,0.00778816199376947,0.008023752753124225,0.019965092655988687,-0.14949683221697174,4.3784370914211,1.5113731044825862,-0.19273261312179424,0.2278513180921383,-2.2663252907577314,0.0014704124345133447,1.14,0.18378378378378377,0.0,0.1345029239766082
2009-07-31,0.0010225870156119192,3.2214826047432084,0.01,0.07435791091800972,0.15667447063018664,0,0,0,0,0,0,0,0,0,0,0,0,0,0,0,0,0,0,0,0,0,0,0,0,0,0,0,0,0,0,0,0,0,0,0,0,0,0,0,0,0,0,0,0,0,0,0,0,0,0,0,0,0,0,0,0,0,0,0,0,0,0,1,0,0,0,0,0,0,0,0,0,0,0,0,0,0,0,0,0,0,0,0,0,0,0,1.026121302196776,1.4382931176800473,0.10166383554695371,0.00552909891609067,-1.3234683017826994,13.284457566712758,0.09282926653015756,0.029207887400788494,0.4343265322173526,-0.04745290235140832,,0.7131381567784854,,0.2025559746375607,0.006512,0.004290348301292854,0.050788166832105096,0.09693596251159435,0.08570242900070328,,0.0027891671292795475,0.8899019175032152,0.6361483403927478,0.08330998723746759,,0.0387849168921825,-1.253843177026342,-0.0022367783277080365,-0.0007882086651814108,0.08501102983861605,0.022208030640211367,0.054391956491771074,0.8936648947975757,-0.021697361463817844,1.382080979395426,0.05540629292872312,0.3667811536168834,-0.06472760664718935,0.0001227418142440684,0.019230732889230155,0.12122917997127482,0.002650674930054775,-0.8035794856369378,824.57,269.087,555.4830000000001,-0.03192058543148368,-0.004953137943617183,0.0026506749300547775,0.12122917997127482,0.0001101338913451766,0.027557010507182532,-0.3599537037037037,0.0016129212042847807,0.0015967448991305658,1.4120973734180948,0.016253802177094503,0.038976262034254194,0.08959096035154193,0.05135817354273575,-0.13225636764056536,-0.06273918740742257,0.11301927887615404,0.07502749694086175,-0.09487188369133248,42.28666666666667,0.1284914443923788,,0.01455530413652425,0.007318309333275684,0.03627081169065647,-0.10050247837744292,2.8778723744962504,1.635202863057011,-0.009243180168508891,0.24246697639153852,-2.712804738122897,0.00025510833175307877,1.21,0.19135135135135134,-1.0,0.10674157303370786
2009-08-31,0.00035886936902323823,3.102406795658329,0.01,0.032754336870947275,0.1865262152553403,0,0,0,0,0,0,0,0,0,0,0,0,0,0,0,0,0,0,0,0,0,0,0,0,0,0,0,0,0,0,0,0,0,0,0,0,0,0,0,0,0,0,0,0,0,0,0,0,0,0,0,0,0,0,0,0,0,0,0,0,0,0,1,0,0,0,0,0,0,0,0,0,0,0,0,0,0,0,0,0,0,0,0,0,0,0,0.34204043406559204,1.482135749562367,0.10221832555471143,0.0010728465838554962,-0.7050097382917158,13.44129321334879,0.15677447063018662,0.09282926653015756,0.029207887400788494,0.4343265322173526,-1.498019320537926,0.46543783981647296,,0.22797675645923224,-0.032641,0.07435791091800972,0.004290348301292854,0.050788166832105096,0.09693596251159435,,0.0023207685175970676,0.8899019175032152,0.6361483403927478,0.08330998723746759,,0.0387849168921825,-1.253843177026342,-0.0022367783277080365,-0.0007882086651814108,0.08501102983861605,0.022208030640211367,0.054391956491771074,0.8936648947975757,-0.021697361463817844,1.382080979395426,0.05540629292872312,0.3667811536168834,-0.06472760664718935,0.0001227418142440684,0.019230732889230155,0.12122917997127482,0.002650674930054775,-0.8035794856369378,824.57,269.087,555.4830000000001,-0.03192058543148368,-0.004953137943617183,0.0026506749300547775,0.12122917997127482,0.0001101338913451766,0.027557010507182532,-0.3599537037037037,0.0016129212042847807,0.0015967448991305658,1.4120973734180948,0.016253802177094503,0.038976262034254194,0.08959096035154193,0.05135817354273575,-0.13225636764056536,-0.06273918740742257,0.11301927887615404,0.07502749694086175,-0.09487188369133248,42.28666666666667,0.1284914443923788,,0.01455530413652425,0.007318309333275684,0.03627081169065647,-0.10050247837744292,2.8778723744962504,1.635202863057011,-0.009243180168508891,0.24246697639153852,-2.712804738122897,0.00025510833175307877,0.31000000000000005,0.15039768618944324,0.0,0.0861244019138756
2009-09-30,0.000737643773701013,3.610508101305647,0.01,0.039985723539285575,0.06492946393180636,0,0,0,0,0,0,0,0,0,0,0,0,0,0,0,0,0,0,0,0,0,0,0,0,0,0,0,0,0,0,0,0,0,0,0,0,0,0,0,0,0,0,0,0,0,0,0,0,0,0,0,0,0,0,0,0,0,0,0,0,0,0,1,0,0,0,0,0,0,0,0,0,0,0,0,0,0,0,0,0,0,0,0,0,0,0,0.34204043406559204,1.5260289321654368,0.10489900970892975,0.0015988580869601766,-0.5185371454703884,13.627918496428961,0.1866262152553403,0.15677447063018662,0.09282926653015756,0.029207887400788494,-1.1060888222110359,0.5012594163474908,,0.2592424060342932,0.000724,0.032754336870947275,0.07435791091800972,0.004290348301292854,0.050788166832105096,,0.0020515979538452125,0.8899019175032152,0.6361483403927478,0.08330998723746759,,0.0387849168921825,-1.253843177026342,-0.0022367783277080365,-0.0007882086651814108,0.08501102983861605,0.022208030640211367,0.054391956491771074,0.8936648947975757,-0.021697361463817844,1.382080979395426,0.05540629292872312,0.3667811536168834,-0.06472760664718935,0.0001227418142440684,0.019230732889230155,0.12122917997127482,0.002650674930054775,-0.8035794856369378,824.57,269.087,555.4830000000001,-0.03192058543148368,-0.004953137943617183,0.0026506749300547775,0.12122917997127482,0.0001101338913451766,0.027557010507182532,-0.3599537037037037,0.0016129212042847807,0.0015967448991305658,1.4120973734180948,0.016253802177094503,0.038976262034254194,0.08959096035154193,0.05135817354273575,-0.13225636764056536,-0.06273918740742257,0.11301927887615404,0.07502749694086175,-0.09487188369133248,42.28666666666667,0.1284914443923788,,0.01455530413652425,0.007318309333275684,0.03627081169065647,-0.10050247837744292,2.8778723744962504,1.635202863057011,-0.009243180168508891,0.24246697639153852,-2.712804738122897,0.00025510833175307877,0.33000000000000007,0.15184381778741865,0.0,0.07582938388625593
2009-10-30,0.0012944108974939895,4.509045147081957,0.0,-0.026241311205227127,-0.16384075628915945,0,0,0,0,0,0,0,0,0,0,0,0,0,0,0,0,0,0,0,0,0,0,0,0,0,0,0,0,0,0,0,0,0,0,0,0,0,0,0,0,0,0,0,0,0,0,0,0,0,0,0,0,0,0,0,0,0,0,0,0,0,0,1,0,0,0,0,0,0,0,0,0,0,0,0,0,0,0,0,0,0,0,0,0,0,0,0.34204043406559204,1.5385238958102672,0.10468419347878836,0.0006886064137695787,-0.6003677767215856,13.68673708560712,0.06502946393180636,0.1866262152553403,0.15677447063018662,0.09282926653015756,-1.073460450712074,0.24458939352817383,,0.2592424060342932,-0.006768,0.039985723539285575,0.032754336870947275,0.07435791091800972,0.004290348301292854,,0.0022166237475146743,0.8899019175032152,0.6361483403927478,0.08330998723746759,,0.0387849168921825,-1.253843177026342,-0.0022367783277080365,-0.0007882086651814108,0.08501102983861605,0.022208030640211367,0.054391956491771074,0.8936648947975757,-0.021697361463817844,1.382080979395426,0.05540629292872312,0.3667811536168834,-0.06472760664718935,0.0001227418142440684,0.019230732889230155,0.12122917997127482,0.002650674930054775,-0.8035794856369378,824.57,269.087,555.4830000000001,-0.03192058543148368,-0.004953137943617183,0.0026506749300547775,0.12122917997127482,0.0001101338913451766,0.027557010507182532,-0.3599537037037037,0.0016129212042847807,0.0015967448991305658,1.4120973734180948,0.016253802177094503,0.038976262034254194,0.08959096035154193,0.05135817354273575,-0.13225636764056536,-0.06273918740742257,0.11301927887615404,0.07502749694086175,-0.09487188369133248,42.28666666666667,0.1284914443923788,,0.01455530413652425,0.007318309333275684,0.03627081169065647,-0.10050247837744292,2.8778723744962504,1.635202863057011,-0.009243180168508891,0.24246697639153852,-2.712804738122897,0.00025510833175307877,0.33000000000000007,0.15184381778741865,1.0,0.07582938388625593
2009-11-30,0.0010422033907471527,2.6924244235187382,0.0,0.05410932564703204,-0.20019693377565215,0,0,0,0,0,0,0,0,0,0,0,0,0,0,0,0,0,0,0,0,0,0,0,0,0,0,0,0,0,0,0,0,0,0,0,0,0,0,0,0,0,0,0,0,0,0,0,0,0,0,0,0,0,0,0,0,0,0,0,0,0,0,1,0,0,0,0,0,0,0,0,0,0,0,0,0,0,0,0,0,0,0,0,0,0,0,0.34204043406559204,1.5595271790288758,0.1062065074849659,0.002927819121976559,0.17118007052285833,13.522898754330406,-0.16384075628915945,0.06502946393180636,0.1866262152553403,0.15677447063018662,-0.9379892452185437,-0.11238201087766495,,0.2592424060342932,-0.017382,-0.026241311205227127,0.039985723539285575,0.032754336870947275,0.07435791091800972,,0.002654620314179216,0.6779170566679513,0.44058559116515283,0.09221642139959375,,0.04119307108221464,2.230672238547136,-0.0070453896786818035,-8.884476265676944e-06,0.08537657987638107,0.01598092571303649,0.05046826742717785,0.5836120327157417,-0.023533576167258485,1.4387461812397189,0.04099991439653583,0.23808508244849622,-0.08948888718603093,0.00013141122441121894,0.017609724938483323,0.1076352313327148,0.001043904000853857,2.41263254956201,817.4110000000001,263.846,553.565,-0.0034528509423330522,-0.006364785717356396,0.0010439040008537607,0.1076352313327148,6.292672183239034e-05,0.004739200642085252,-0.3578107810781078,-0.004351267581833631,0.00940110731732745,1.4693685713769231,0.016306231389472677,0.0355704913299435,0.08287483357661897,0.04055754159516556,0.004300030695534085,0.012251542172897145,-0.027844692357587242,-0.00864862311434944,0.10416085368693195,41.10722702278084,-0.02789152555303076,,0.015619649853030769,0.0066542603503640186,0.03756222496698267,-0.06892271840437338,2.520810250975481,1.6207606776721282,-0.029416401591379038,0.24716620633974015,-2.6480258044319793,0.0001137432435091566,0.2799999999999998,0.22077922077922077,0.0,0.07949790794979081
2009-12-31,0.0004045385619732101,2.478096047064005,0.01,0.027125986253591527,0.12227575400236289,0,0,0,0,0,0,0,0,0,0,0,0,0,0,0,0,0,0,0,0,0,0,0,0,0,0,0,0,0,0,0,0,0,0,0,0,0,0,0,0,0,0,0,0,0,0,0,0,0,0,0,0,0,0,0,0,0,0,0,0,0,0,1,0,0,0,0,0,0,0,0,0,0,0,0,0,0,0,0,0,0,0,0,0,0,0,0.34204043406559204,1.4230964767759557,0.11600427936042197,0.0007358191302300365,-0.6852626922541432,13.322748353870876,-0.20019693377565215,-0.16384075628915945,0.06502946393180636,0.1866262152553403,-0.8066316808733974,-0.17663247213064237,,0.2592424060342932,-0.012821,0.05410932564703204,-0.026241311205227127,0.039985723539285575,0.032754336870947275,0.41995083909358233,0.0024677790046535642,0.6779170566679513,0.44058559116515283,0.09221642139959375,,0.04119307108221464,2.230672238547136,-0.0070453896786818035,-8.884476265676944e-06,0.08537657987638107,0.01598092571303649,0.05046826742717785,0.5836120327157417,-0.023533576167258485,1.4387461812397189,0.04099991439653583,0.23808508244849622,-0.08948888718603093,0.00013141122441121894,0.017609724938483323,0.1076352313327148,0.001043904000853857,2.41263254956201,817.4110000000001,263.846,553.565,-0.0034528509423330522,-0.006364785717356396,0.0010439040008537607,0.1076352313327148,6.292672183239034e-05,0.004739200642085252,-0.3578107810781078,-0.004351267581833631,0.00940110731732745,1.4693685713769231,0.016306231389472677,0.0355704913299435,0.08287483357661897,0.04055754159516556,0.004300030695534085,0.012251542172897145,-0.027844692357587242,-0.00864862311434944,0.10416085368693195,41.10722702278084,-0.02789152555303076,,0.015619649853030769,0.0066542603503640186,0.03756222496698267,-0.06892271840437338,2.520810250975481,1.6207606776721282,-0.029416401591379038,0.24716620633974015,-2.6480258044319793,0.0001137432435091566,0.2799999999999998,0.22077922077922077,0.0,0.07949790794979081
2010-01-29,0.000395098238453067,2.622496971984962,0.0,-0.03417745180158651,-0.020618934158140503,0,0,0,0,0,0,0,0,0,0,0,0,0,0,0,0,0,0,0,0,0,0,0,0,0,0,0,0,0,0,0,0,0,0,0,0,0,0,0,0,0,0,0,0,0,0,0,0,0,0,0,0,0,0,0,0,0,0,0,0,0,0,1,0,0,0,0,0,0,0,0,0,0,0,0,0,0,0,0,0,0,0,0,0,0,0,0.34204043406559204,1.4826828930969416,0.11626332687102257,0.001168098211649769,-0.8095567411113107,13.437636696369527,0.12237575400236289,-0.20019693377565215,-0.16384075628915945,0.06502946393180636,-0.6898629999815254,-0.2622808702205892,,0.2592424060342932,-0.004712,0.027125986253591527,0.05410932564703204,-0.026241311205227127,0.039985723539285575,0.43244188951937623,0.00258633556642453,0.6779170566679513,0.44058559116515283,0.09221642139959375,,0.04119307108221464,2.230672238547136,-0.0070453896786818035,-8.884476265676944e-06,0.08537657987638107,0.01598092571303649,0.05046826742717785,0.5836120327157417,-0.023533576167258485,1.4387461812397189,0.04099991439653583,0.23808508244849622,-0.08948888718603093,0.00013141122441121894,0.017609724938483323,0.1076352313327148,0.001043904000853857,2.41263254956201,817.4110000000001,263.846,553.565,-0.0034528509423330522,-0.006364785717356396,0.0010439040008537607,0.1076352313327148,6.292672183239034e-05,0.004739200642085252,-0.3578107810781078,-0.004351267581833631,0.00940110731732745,1.4693685713769231,0.016306231389472677,0.0355704913299435,0.08287483357661897,0.04055754159516556,0.004300030695534085,0.012251542172897145,-0.027844692357587242,-0.00864862311434944,0.10416085368693195,41.10722702278084,-0.02789152555303076,,0.015619649853030769,0.0066542603503640186,0.03756222496698267,-0.06892271840437338,2.520810250975481,1.6207606776721282,-0.029416401591379038,0.24716620633974015,-2.6480258044319793,0.0001137432435091566,0.2799999999999998,0.22077922077922077,0.0,0.07949790794979081
2010-02-26,0.0005220167567218552,2.8449184402183314,0.0,0.03343477608623742,0.12479441300281052,0,0,0,0,0,0,0,0,0,0,0,0,0,0,0,0,0,0,0,0,0,0,0,0,0,0,0,0,0,0,0,0,0,0,0,0,0,0,0,0,0,0,0,0,0,0,0,0,0,0,0,0,0,0,0,0,0,0,0,0,0,0,1,0,0,0,0,0,0,0,0,0,0,0,0,0,0,0,0,0,0,0,0,0,0,0,0.34204043406559204,1.4830089344577257,0.1164151017063468,0.0011178842519368336,-1.0107499635244115,13.41701740916679,-0.020618934158140503,0.12237575400236289,-0.20019693377565215,-0.16384075628915945,-0.6029427357589949,0.02635429907138076,,0.2592424060342932,-0.011638,-0.03417745180158651,0.027125986253591527,0.05410932564703204,-0.026241311205227127,0.4316822590323617,0.0030608412379443317,1.1902028678083827,0.5860505429068993,0.09535638897055666,,0.0398236553025816,-0.3304522044389013,0.008997402414356195,-0.0002598686782264181,0.08519241316853532,0.019686622012334055,0.05446340971930881,0.739062521659005,-0.012839702511810658,1.453514084629019,0.010264425777015918,0.317345370207569,-0.11069745009365184,0.00014620066960294915,0.015028704984086615,0.1663732593455643,0.008555750643846727,1.2998979070954566,821.553,264.867,556.6859999999999,0.005638000957430167,-0.008198596511157742,0.008555750643846834,0.1663732593455643,7.865345288671222e-05,-0.0025656469982389906,-0.3297133476449047,-0.00017435784671390102,0.001222528685262899,1.481492814789582,0.027892785827733305,0.03689676804758468,0.08637127566470724,0.008251328937366242,-0.002157110393885664,-0.013687555290304632,0.08547470891194964,-0.04547139775897735,-0.0689595474764273,44.78768533772653,0.08953312060932861,,0.014983669222064153,0.005589064702231129,0.03483145777344063,-0.07609962084429807,2.51147832513453,1.5528051862746497,0.039036298837175964,0.2547335817501715,-2.6845081600543734,0.0007295664842993646,-0.8399999999999999,0.11975116640746501,0.0,0.11612903225806451
2010-03-31,0.0007737492701565984,3.2053865062963878,0.01,0.061183228416898446,0.07832600154676116,0,0,0,0,0,0,0,0,0,0,0,0,0,0,0,0,0,0,0,0,0,0,0,0,0,0,0,0,0,0,0,0,0,0,0,0,0,0,0,0,0,0,0,0,0,0,0,0,0,0,0,0,0,0,0,0,0,0,0,0,0,0,1,0,0,0,0,0,0,0,0,0,0,0,0,0,0,0,0,0,0,0,0,0,0,0,0.6840808681311841,1.5141308714716692,0.11738015002126252,0.0037433874395143693,-0.9788772729442514,13.535641841591366,0.12479441300281052,-0.020618934158140503,0.12237575400236289,-0.20019693377565215,-0.7821435655584086,0.3049772343937941,,0.2592424060342932,-0.010769,0.03343477608623742,-0.03417745180158651,0.027125986253591527,0.05410932564703204,0.42598608521885517,0.0034896315581435925,1.1902028678083827,0.5860505429068993,0.09535638897055666,,0.0398236553025816,-0.3304522044389013,0.008997402414356195,-0.0002598686782264181,0.08519241316853532,0.019686622012334055,0.05446340971930881,0.739062521659005,-0.012839702511810658,1.453514084629019,0.010264425777015918,0.317345370207569,-0.11069745009365184,0.00014620066960294915,0.015028704984086615,0.1663732593455643,0.008555750643846727,1.2998979070954566,821.553,264.867,556.6859999999999,0.005638000957430167,-0.008198596511157742,0.008555750643846834,0.1663732593455643,7.865345288671222e-05,-0.0025656469982389906,-0.3297133476449047,-0.00017435784671390102,0.001222528685262899,1.481492814789582,0.027892785827733305,0.03689676804758468,0.08637127566470724,0.008251328937366242,-0.002157110393885664,-0.013687555290304632,0.08547470891194964,-0.04547139775897735,-0.0689595474764273,44.78768533772653,0.08953312060932861,,0.014983669222064153,0.005589064702231129,0.03483145777344063,-0.07609962084429807,2.51147832513453,1.5528051862746497,0.039036298837175964,0.2547335817501715,-2.6845081600543734,0.0007295664842993646,-0.8399999999999999,0.11975116640746501,0.0,0.11612903225806451
2010-04-30,0.0007651880803073816,5.827075395232663,0.01,0.019800661706336174,0.11300480001927829,0,0,0,0,0,0,0,0,0,0,0,0,0,0,0,0,0,0,0,0,0,0,0,0,0,0,0,0,0,0,0,0,0,0,0,0,0,0,0,0,0,0,0,0,0,0,0,0,0,0,0,0,0,0,0,0,0,0,0,0,0,0,1,0,0,0,0,0,0,0,0,0,0,0,0,0,0,0,0,0,0,0,0,0,0,0,0.34204043406559204,1.5061503782067514,0.11730965045131822,0.0003920662040087678,-1.1165559397801523,13.614144496346663,0.07842600154676116,0.12479441300281052,-0.020618934158140503,0.12237575400236289,-0.9870644223462693,0.29570628041070945,,0.2592424060342932,0.006289,0.061183228416898446,0.03343477608623742,-0.03417745180158651,0.027125986253591527,0.43380190386204465,0.0024108532398485804,1.1960599744503462,0.49766425121900904,0.11011937710384197,,0.033205927820257275,0.8457602723363586,-0.018973626549485437,0.0010138997434011568,0.07927416694160343,0.013164433814559057,0.04552464653262731,0.6175890771554643,-0.0025606703151775934,1.4034771332991902,-0.03442481353223337,0.24470639767523608,-0.02547244987772918,0.00014164108018054937,0.01512990891311276,0.04157266832254847,0.004589545130710748,-0.4675763307214267,811.855,276.586,535.269,-0.0384723165303239,-0.002363155197859651,0.004589545130710649,0.04157266832254847,0.00056626032245366,-0.013602825471203277,0.7260306807286674,0.0009734064048820109,0.006059342227990518,1.4349195279554543,0.005850587820269258,0.013606610845950273,0.06055875491419001,-0.031436728122601565,-0.06946916992741925,0.023754300043118293,-0.27046930767587907,-0.003138375114930203,-0.1548792043458609,34.62705414288185,-0.22686216352167576,,0.011858160151780928,0.0057710361631793375,0.026812368197628243,-0.02138655117334114,1.9925445930880714,1.5475284877158804,-0.07959023214967198,0.2593922432833253,-2.7115115658866085,0.0002444875812899815,-0.8399999999999999,0.11975116640746501,0.0,0.11612903225806451
2010-05-31,0.0009056307211184073,4.941993900713679,0.01,-0.0821781110356069,-0.047210884998387624,0,0,0,0,0,0,0,0,0,0,0,0,0,0,0,0,0,0,0,0,0,0,0,0,0,0,0,0,0,0,0,0,0,0,0,0,0,0,0,0,0,0,0,0,0,0,0,0,0,0,0,0,0,0,0,0,0,0,0,0,0,0,1,0,0,0,0,0,0,0,0,0,0,0,0,0,0,0,0,0,0,0,0,0,0,0,0.34204043406559204,1.522066007208569,0.11838352160097382,0.006753241933380537,-1.2800669701390994,13.727817057472206,0.11310480001927829,0.07842600154676116,0.12479441300281052,-0.020618934158140503,-0.8091698292500773,0.2692143295704623,,0.15606503296277915,,0.019800661706336174,0.061183228416898446,0.03343477608623742,-0.03417745180158651,0.4521195903542945,0.001989345020299733,1.1960599744503462,0.49766425121900904,0.11011937710384197,,0.033205927820257275,0.8457602723363586,-0.018973626549485437,0.0010138997434011568,0.07927416694160343,0.013164433814559057,0.04552464653262731,0.6175890771554643,-0.0025606703151775934,1.4034771332991902,-0.03442481353223337,0.24470639767523608,-0.02547244987772918,0.00014164108018054937,0.01512990891311276,0.04157266832254847,0.004589545130710748,-0.4675763307214267,811.855,276.586,535.269,-0.0384723165303239,-0.002363155197859651,0.004589545130710649,0.04157266832254847,0.00056626032245366,-0.013602825471203277,0.7260306807286674,0.0009734064048820109,0.006059342227990518,1.4349195279554543,0.005850587820269258,0.013606610845950273,0.06055875491419001,-0.031436728122601565,-0.06946916992741925,0.023754300043118293,-0.27046930767587907,-0.003138375114930203,-0.1548792043458609,34.62705414288185,-0.22686216352167576,,0.011858160151780928,0.0057710361631793375,0.026812368197628243,-0.02138655117334114,1.9925445930880714,1.5475284877158804,-0.07959023214967198,0.2593922432833253,-2.7115115658866085,0.0002444875812899815,0.48,0.19330143540669859,-1.0,0.08374384236453203
2010-06-30,0.0011379119864588336,7.546137642657277,0.01,-0.057305473770779186,-0.2679713685276392,0,0,0,0,0,0,0,0,0,0,0,0,0,0,0,0,0,0,0,0,0,0,0,0,0,0,0,0,0,0,0,0,0,0,0,0,0,0,0,0,0,0,0,0,0,0,0,0,0,0,0,0,0,0,0,0,0,0,0,0,0,0,1,0,0,0,0,0,0,0,0,0,0,0,0,0,0,0,0,0,0,0,0,0,0,0,0.34204043406559204,1.5491430625342422,0.1105658099882587,0.003283917324093461,-1.674215751986988,13.675060705032895,-0.04711088499838762,0.11310480001927829,0.07842600154676116,0.12479441300281052,-0.8385797944714402,-0.12345145195998738,,0.15606503296277915,-0.042163,-0.0821781110356069,0.019800661706336174,0.061183228416898446,0.03343477608623742,0.4490352639334779,0.0022272389400544296,1.1960599744503462,0.49766425121900904,0.11011937710384197,,0.033205927820257275,0.8457602723363586,-0.018973626549485437,0.0010138997434011568,0.07927416694160343,0.013164433814559057,0.04552464653262731,0.6175890771554643,-0.0025606703151775934,1.4034771332991902,-0.03442481353223337,0.24470639767523608,-0.02547244987772918,0.00014164108018054937,0.01512990891311276,0.04157266832254847,0.004589545130710748,-0.4675763307214267,811.855,276.586,535.269,-0.0384723165303239,-0.002363155197859651,0.004589545130710649,0.04157266832254847,0.00056626032245366,-0.013602825471203277,0.7260306807286674,0.0009734064048820109,0.006059342227990518,1.4349195279554543,0.005850587820269258,0.013606610845950273,0.06055875491419001,-0.031436728122601565,-0.06946916992741925,0.023754300043118293,-0.27046930767587907,-0.003138375114930203,-0.1548792043458609,34.62705414288185,-0.22686216352167576,,0.011858160151780928,0.0057710361631793375,0.026812368197628243,-0.02138655117334114,1.9925445930880714,1.5475284877158804,-0.07959023214967198,0.2593922432833253,-2.7115115658866085,0.0002444875812899815,0.48,0.19330143540669859,-1.0,0.08374384236453203
2010-07-30,0.0006702911164689944,3.7977998170109535,0.01,0.06699774353249405,0.07632886511927306,0,0,0,0,0,0,0,0,0,0,0,0,0,0,0,0,0,0,0,0,0,0,0,0,0,0,0,0,0,0,0,0,0,0,0,0,0,0,0,0,0,0,0,0,0,0,0,0,0,0,0,0,0,0,0,0,0,0,0,0,0,0,1,0,0,0,0,0,0,0,0,0,0,0,0,0,0,0,0,0,0,0,0,0,0,0,0.6840808681311841,1.6435377836207161,0.11215375279754458,0.004488697638445848,-1.2830652916109706,13.40719082930107,-0.2678713685276392,-0.04711088499838762,0.11310480001927829,0.07842600154676116,-0.6914513845978875,-0.12544858838747547,,0.15606503296277915,0.012567,-0.057305473770779186,-0.0821781110356069,0.019800661706336174,0.061183228416898446,0.4725577083874165,0.0008641299090754355,-0.2771096312493788,0.6260053965100704,0.09354033538527799,,0.039967252933591366,-0.7861397063208999,0.00829034738006055,0.00025886414430337115,0.07796875844548942,0.020179942331633196,0.04934039853920286,0.7220661938509387,-0.04981680921436782,1.4204141356434141,0.012067886210878065,0.3122791925706646,-0.027136103402836124,0.0001461540144819933,0.01429377653185665,0.056761352402095275,-0.017642951643010885,-0.08267672844301399,812.39,262.48,549.91,0.027352602149573357,-0.0020211606884281337,-0.017642951643010836,0.056761352402095275,0.0001257644118155543,0.012749928952983734,0.10204081632653073,0.00015783952762134508,0.00787491291210832,1.4554092970653731,0.014394905196312589,0.022284013087436216,0.06962034644369552,0.0142793855061083,-0.016467009953893608,-0.007220029223952373,-0.003084224543656422,0.005304853521344466,0.11457174852330532,34.526692166971564,-0.0028983688735451096,,0.014705382656724239,0.0054130298017216255,0.03295440030655256,-0.012113079576374633,2.4764591509310176,1.5554847942218795,0.03711678048146916,0.24786143180882436,-2.893641409113775,7.520849109881225e-05,0.5099999999999998,0.19617224880382775,-1.0,0.06310679611650487
2010-08-31,0.00038282424427715653,5.367640124485241,0.01,-0.048870164369429314,-0.09780779110724144,0,0,0,0,0,0,0,0,0,0,0,0,0,0,0,0,0,0,0,0,0,0,0,0,0,0,0,0,0,0,0,0,0,0,0,0,0,0,0,0,0,0,0,0,0,0,0,0,0,0,0,0,0,0,0,0,0,0,0,0,0,0,1,0,0,0,0,0,0,0,0,0,0,0,0,0,0,0,0,0,0,0,0,0,0,0,0.34204043406559204,1.6331019395445834,0.11219073546612976,0.0023882929654950383,-1.3096745282737081,13.483745847534067,0.07642886511927306,-0.2678713685276392,-0.04711088499838762,0.11310480001927829,-0.5264381113446319,-0.33626117951399526,,0.1445987940868379,-0.000977,0.06699774353249405,-0.057305473770779186,-0.0821781110356069,0.019800661706336174,0.47524530905303264,0.0002635863918284127,-0.2771096312493788,0.6260053965100704,0.09354033538527799,,0.039967252933591366,-0.7861397063208999,0.00829034738006055,0.00025886414430337115,0.07796875844548942,0.020179942331633196,0.04934039853920286,0.7220661938509387,-0.04981680921436782,1.4204141356434141,0.012067886210878065,0.3122791925706646,-0.027136103402836124,0.0001461540144819933,0.01429377653185665,0.056761352402095275,-0.017642951643010885,-0.08267672844301399,812.39,262.48,549.91,0.027352602149573357,-0.0020211606884281337,-0.017642951643010836,0.056761352402095275,0.0001257644118155543,0.012749928952983734,0.10204081632653073,0.00015783952762134508,0.00787491291210832,1.4554092970653731,0.014394905196312589,0.022284013087436216,0.06962034644369552,0.0142793855061083,-0.016467009953893608,-0.007220029223952373,-0.003084224543656422,0.005304853521344466,0.11457174852330532,34.526692166971564,-0.0028983688735451096,,0.014705382656724239,0.0054130298017216255,0.03295440030655256,-0.012113079576374633,2.4764591509310176,1.5554847942218795,0.03711678048146916,0.24786143180882436,-2.893641409113775,7.520849109881225e-05,0.22999999999999998,0.1953727506426735,1.0,0.05676855895196508
2010-09-30,0.0009411604514006947,3.9945301939580644,0.01,0.09111088005338408,0.13876131851854565,0,0,0,0,0,0,0,0,0,0,0,0,0,0,0,0,0,0,0,0,0,0,0,0,0,0,0,0,0,0,0,0,0,0,0,0,0,0,0,0,0,0,0,0,0,0,0,0,0,0,0,0,0,0,0,0,0,0,0,0,0,0,1,0,0,0,0,0,0,0,0,0,0,0,0,0,0,0,0,0,0,0,0,0,0,0,0.6840808681311841,1.638709720319538,0.11200190921233544,0.008301192464102141,-1.0296645245376288,13.38603918142769,-0.09770779110724144,0.07642886511927306,-0.2678713685276392,-0.04711088499838762,-0.43973297998054467,-0.15028897599706198,1.7462697891204708,0.12009165567481724,0.017437,-0.048870164369429314,0.06699774353249405,-0.057305473770779186,-0.0821781110356069,0.4703824915581537,0.00029896532356459525,-0.2771096312493788,0.6260053965100704,0.09354033538527799,,0.039967252933591366,-0.7861397063208999,0.00829034738006055,0.00025886414430337115,0.07796875844548942,0.020179942331633196,0.04934039853920286,0.7220661938509387,-0.04981680921436782,1.4204141356434141,0.012067886210878065,0.3122791925706646,-0.027136103402836124,0.0001461540144819933,0.01429377653185665,0.056761352402095275,-0.017642951643010885,-0.08267672844301399,812.39,262.48,549.91,0.027352602149573357,-0.0020211606884281337,-0.017642951643010836,0.056761352402095275,0.0001257644118155543,0.012749928952983734,0.10204081632653073,0.00015783952762134508,0.00787491291210832,1.4554092970653731,0.014394905196312589,0.022284013087436216,0.06962034644369552,0.0142793855061083,-0.016467009953893608,-0.007220029223952373,-0.003084224543656422,0.005304853521344466,0.11457174852330532,34.526692166971564,-0.0028983688735451096,,0.014705382656724239,0.0054130298017216255,0.03295440030655256,-0.012113079576374633,2.4764591509310176,1.5554847942218795,0.03711678048146916,0.24786143180882436,-2.893641409113775,7.520849109881225e-05,0.22999999999999998,0.1953727506426735,1.0,0.05676855895196508
2010-10-29,0.0006441126271088573,3.251076671591588,0.01,0.038062461094348854,0.03442922095808798,0,0,0,0,0,0,0,0,0,0,0,0,0,0,0,0,0,0,0,0,0,0,0,0,0,0,0,0,0,0,0,0,0,0,0,0,0,0,0,0,0,0,0,0,0,0,0,0,0,0,0,0,0,0,0,0,0,0,0,0,0,0,1,0,0,0,0,0,0,0,0,0,0,0,0,0,0,0,0,0,0,0,0,0,0,0,0.34204043406559204,1.6463540085746629,0.11185837532635165,0.0014487509445588202,-0.9284152972313184,13.517736047762618,0.13886131851854563,-0.09770779110724144,0.07642886511927306,-0.2678713685276392,-0.2838027696135013,0.1521116134886652,1.463992721911338,0.12867716184123967,-0.026591,0.09111088005338408,-0.048870164369429314,0.06699774353249405,-0.057305473770779186,0.5421682710016762,-0.00018288793531563165,-0.2951396092324551,0.5788472656774748,0.08313033284816582,,0.04014176841760223,-1.4602877924120297,0.009953197312113787,-0.00016232775826455288,0.07838057778380578,0.018606843972986658,0.051953598228993286,0.6574283517983531,0.016825576042146295,0.8866335989763312,-0.37579218854034635,0.29192474823923226,-0.05327618815203466,0.00014469231873186385,0.013552949091059113,0.08447089637740168,0.024182597411581686,2.2050241055569653,841.5909999999999,281.62,559.9709999999999,0.01829572111800104,-0.0038536121628958164,0.02418259741158172,0.08447089637740168,4.715572391900125e-05,0.0018408729151768166,0.2475374732334048,0.004074878685327251,0.012995229384366744,0.9072124358888729,0.019335494178515853,0.03266855687442938,0.07408813494161184,-0.3766616458214618,0.00528185066079101,-0.009315581539504958,0.06882672223512354,-0.07844210988910971,-0.01752975521257527,36.961971350613915,0.07053323185045657,,0.015414690317030471,0.00499365642166584,0.033194771493103944,0.010003114743928468,2.8405084856824585,1.4467799642218246,0.04400579936322613,0.2462896319408735,-2.7646455738196405,0.0,0.1900000000000004,0.19194515852613542,1.0,0.022222222222222223
2010-11-30,0.0016004256310710781,2.4164041817794666,0.01,0.005981470315867953,0.029266957772281627,0,0,0,0,0,0,0,0,0,0,0,0,0,0,0,0,0,0,0,0,0,0,0,0,0,0,0,0,0,0,0,0,0,0,0,0,0,0,0,0,0,0,0,0,0,0,0,0,0,0,0,0,0,0,0,0,0,0,0,0,0,0,1,0,0,0,0,0,0,0,0,0,0,0,0,0,0,0,0,0,0,0,0,0,0,0,0.34204043406559204,1.6615477578155153,0.11023739466108803,3.5777987139609474e-05,-0.3423215372209052,13.552265793970822,0.03452922095808798,0.13886131851854563,-0.09770779110724144,0.07642886511927306,-0.44167228618634524,0.10504970614167378,1.3730643048403064,0.12867716184123967,-0.011914,0.038062461094348854,0.09111088005338408,-0.048870164369429314,0.06699774353249405,0.5652141101545599,-0.00020942366394620957,-0.2951396092324551,0.5788472656774748,0.08313033284816582,,0.04014176841760223,-1.4602877924120297,0.009953197312113787,-0.00016232775826455288,0.07838057778380578,0.018606843972986658,0.051953598228993286,0.6574283517983531,0.016825576042146295,0.8866335989763312,-0.37579218854034635,0.29192474823923226,-0.05327618815203466,0.00014469231873186385,0.013552949091059113,0.08447089637740168,0.024182597411581686,2.2050241055569653,841.5909999999999,281.62,559.9709999999999,0.01829572111800104,-0.0038536121628958164,0.02418259741158172,0.08447089637740168,4.715572391900125e-05,0.0018408729151768166,0.2475374732334048,0.004074878685327251,0.012995229384366744,0.9072124358888729,0.019335494178515853,0.03266855687442938,0.07408813494161184,-0.3766616458214618,0.00528185066079101,-0.009315581539504958,0.06882672223512354,-0.07844210988910971,-0.01752975521257527,36.961971350613915,0.07053323185045657,,0.015414690317030471,0.00499365642166584,0.033194771493103944,0.010003114743928468,2.8405084856824585,1.4467799642218246,0.04400579936322613,0.2462896319408735,-2.7646455738196405,0.0,0.05999999999999961,0.18010963194988253,0.0,0.16883116883116886
2010-12-31,0.0009144984869872963,1.1671329330776725,0.01,0.06596859996970471,0.03206791174829893,0,0,0,0,0,0,0,0,0,0,0,0,0,0,0,0,0,0,0,0,0,0,0,0,0,0,0,0,0,0,0,0,0,0,0,0,0,0,0,0,0,0,0,0,0,0,0,0,0,0,0,0,0,0,0,0,0,0,0,0,0,0,1,0,0,0,0,0,0,0,0,0,0,0,0,0,0,0,0,0,0,0,0,0,0,0,0.6840808681311841,1.6514579990381826,0.10472571157524695,0.004351856181962924,-1.4583992376262929,13.581694558132684,0.029366957772281627,0.03452922095808798,0.13886131851854563,-0.09770779110724144,-0.32119748066895193,0.23492540899721415,1.110185586488871,0.12867716184123967,0.003931,0.005981470315867953,0.038062461094348854,0.09111088005338408,-0.048870164369429314,0.5658567127412055,-0.0003148662534611454,-0.2951396092324551,0.5788472656774748,0.08313033284816582,,0.04014176841760223,-1.4602877924120297,0.009953197312113787,-0.00016232775826455288,0.07838057778380578,0.018606843972986658,0.051953598228993286,0.6574283517983531,0.016825576042146295,0.8866335989763312,-0.37579218854034635,0.29192474823923226,-0.05327618815203466,0.00014469231873186385,0.013552949091059113,0.08447089637740168,0.024182597411581686,2.2050241055569653,841.5909999999999,281.62,559.9709999999999,0.01829572111800104,-0.0038536121628958164,0.02418259741158172,0.08447089637740168,4.715572391900125e-05,0.0018408729151768166,0.2475374732334048,0.004074878685327251,0.012995229384366744,0.9072124358888729,0.019335494178515853,0.03266855687442938,0.07408813494161184,-0.3766616458214618,0.00528185066079101,-0.009315581539504958,0.06882672223512354,-0.07844210988910971,-0.01752975521257527,36.961971350613915,0.07053323185045657,,0.015414690317030471,0.00499365642166584,0.033194771493103944,0.010003114743928468,2.8405084856824585,1.4467799642218246,0.04400579936322613,0.2462896319408735,-2.7646455738196405,0.0,0.03999999999999959,0.17854346123727485,1.0,0.15283842794759828
2011-01-31,0.000674270720531568,3.915380504825072,0.01,0.01970262729617973,-0.0238728040929678,0,0,0,0,0,0,0,0,0,0,0,0,0,0,0,0,0,0,0,0,0,0,0,0,0,0,0,0,0,0,0,0,0,0,0,0,0,0,0,0,0,0,0,0,0,0,0,0,0,0,0,0,0,0,0,0,0,0,0,0,0,0,1,0,0,0,0,0,0,0,0,0,0,0,0,0,0,0,0,0,0,0,0,0,0,0,0.34204043406559204,1.6404073040647071,0.10472771694182208,0.0003881935223721666,-1.7183158515532648,13.607876140866097,0.03216791174829893,0.029366957772281627,0.03452922095808798,0.13886131851854563,-0.44823172976691666,0.0722912863857007,0.8243697186366835,0.12558684384687815,-0.018883,0.06596859996970471,0.005981470315867953,0.038062461094348854,0.09111088005338408,0.5728878270640586,0.0008732473381184089,-0.2951396092324551,0.5788472656774748,0.08313033284816582,,0.04014176841760223,-1.4602877924120297,0.009953197312113787,-0.00016232775826455288,0.07838057778380578,0.018606843972986658,0.051953598228993286,0.6574283517983531,0.016825576042146295,0.8866335989763312,-0.37579218854034635,0.29192474823923226,-0.05327618815203466,0.00014469231873186385,0.013552949091059113,0.08447089637740168,0.024182597411581686,2.2050241055569653,841.5909999999999,281.62,559.9709999999999,0.01829572111800104,-0.0038536121628958164,0.02418259741158172,0.08447089637740168,4.715572391900125e-05,0.0018408729151768166,0.2475374732334048,0.004074878685327251,0.012995229384366744,0.9072124358888729,0.019335494178515853,0.03266855687442938,0.07408813494161184,-0.3766616458214618,0.00528185066079101,-0.009315581539504958,0.06882672223512354,-0.07844210988910971,-0.01752975521257527,36.961971350613915,0.07053323185045657,,0.015414690317030471,0.00499365642166584,0.033194771493103944,0.010003114743928468,2.8405084856824585,1.4467799642218246,0.04400579936322613,0.2462896319408735,-2.7646455738196405,0.0,0.03999999999999959,0.17854346123727485,1.0,0.15283842794759828
2011-02-28,0.0008004813362879621,3.344859019897526,0.01,0.034301426717332315,0.023899504555261953,0,0,0,0,0,0,0,0,0,0,0,0,0,0,0,0,0,0,0,0,0,0,0,0,0,0,0,0,0,0,0,0,0,0,0,0,0,0,0,0,0,0,0,0,0,0,0,0,0,0,0,0,0,0,0,0,0,0,0,0,0,0,1,0,0,0,0,0,0,0,0,0,0,0,0,0,0,0,0,0,0,0,0,0,0,0,0.34204043406559204,1.637203783303278,0.10502152417906795,0.001176587874844519,-1.6503675851894752,13.584103230513595,-0.0237728040929678,0.03216791174829893,0.029366957772281627,0.03452922095808798,-0.2356180248248169,0.061761569982874666,0.6187987697200373,0.12558684384687815,0.018459,0.01970262729617973,0.06596859996970471,0.005981470315867953,0.038062461094348854,0.5656863665904482,0.0007343264825618623,1.7191751998877822,0.5388056008816553,0.09278007940617987,,0.04391103695479259,-0.6242192660123734,0.020766442257897453,0.0015859658208182287,0.080802102974167,0.0192030171922383,0.05160430692214741,0.6018565738903158,0.0019196099319840343,0.9294426668280165,0.04828270426601322,0.2904240987085294,-0.08606723631969619,0.0001418865255260265,0.009886948269069983,0.11737665814927613,0.009787601209723107,1.1109363658359546,840.884,294.861,546.023,-0.02490843275812471,-0.005512183701786614,0.009787601209723147,0.11737665814927613,0.00015717833453843255,0.007580733326835965,0.5544461190655614,0.002086293000514212,0.0030958424789372507,0.955510156141556,0.023555815949540714,0.018723707233535558,0.07208406239529427,0.053237498012647544,0.03089445445325012,0.02420440502167076,-0.16230553517603052,0.08083482766716243,0.08898281600811164,32.17793836923916,-0.12943121826469617,,0.016999747248054246,0.0029111375466486945,0.03630728565578348,0.022771893753215672,2.7442322898739477,1.5628054514390157,0.08880481672010876,0.25552831326601066,-2.9211613899196993,0.00018459706349883002,-0.5799999999999998,0.14285714285714285,1.0,0.05263157894736842
2011-03-31,0.00027477522433091306,3.513133642251232,0.01,0.004588989486131469,-0.06437562841378437,0,0,0,0,0,0,0,0,0,0,0,0,0,0,0,0,0,0,0,0,0,0,0,0,0,0,0,0,0,0,0,0,0,0,0,0,0,0,0,0,0,0,0,0,0,0,0,0,0,0,0,0,0,0,0,0,0,0,0,0,0,0,1,0,0,0,0,0,0,0,0,0,0,0,0,0,0,0,0,0,0,0,0,0,0,0,0.34204043406559204,1.6135609766288384,0.10506347327341266,2.1058824503825166e-05,-1.6329381625819128,13.601591752547947,0.023999504555261952,-0.0237728040929678,0.03216791174829893,0.029366957772281627,-0.2563080479450569,-0.03188101620319133,0.7197187663419282,0.11013070669486169,-0.004184,0.034301426717332315,0.01970262729617973,0.06596859996970471,0.005981470315867953,0.5855313719705768,0.0007777505492459569,1.7191751998877822,0.5388056008816553,0.09278007940617987,,0.04391103695479259,-0.6242192660123734,0.020766442257897453,0.0015859658208182287,0.080802102974167,0.0192030171922383,0.05160430692214741,0.6018565738903158,0.0019196099319840343,0.9294426668280165,0.04828270426601322,0.2904240987085294,-0.08606723631969619,0.0001418865255260265,0.009886948269069983,0.11737665814927613,0.009787601209723107,1.1109363658359546,840.884,294.861,546.023,-0.02490843275812471,-0.005512183701786614,0.009787601209723147,0.11737665814927613,0.00015717833453843255,0.007580733326835965,0.5544461190655614,0.002086293000514212,0.0030958424789372507,0.955510156141556,0.023555815949540714,0.018723707233535558,0.07208406239529427,0.053237498012647544,0.03089445445325012,0.02420440502167076,-0.16230553517603052,0.08083482766716243,0.08898281600811164,32.17793836923916,-0.12943121826469617,,0.016999747248054246,0.0029111375466486945,0.03630728565578348,0.022771893753215672,2.7442322898739477,1.5628054514390157,0.08880481672010876,0.25552831326601066,-2.9211613899196993,0.00018459706349883002,-0.5799999999999998,0.14285714285714285,0.0,0.05263157894736842
2011-04-29,0.0008263892368320666,15.503853051425612,0.0,0.028587456851912472,-0.24759957755455456,0,0,0,0,0,0,0,0,0,0,0,0,0,0,0,0,0,0,0,0,0,0,0,0,0,0,0,0,0,0,0,0,0,0,0,0,0,0,0,0,0,0,0,0,0,0,0,0,0,0,0,0,0,0,0,0,0,0,0,0,0,0,1,0,0,0,0,0,0,0,0,0,0,0,0,0,0,0,0,0,0,0,0,0,0,0,0.34204043406559204,1.6210311698899265,0.10444192581970685,0.0008172426892599573,-0.8319575331108191,13.538148516994859,-0.06427562841378437,0.023999504555261952,-0.0237728040929678,0.03216791174829893,-0.014240966214312742,-0.31164850550604484,1.0348409015032096,0.10946499455236565,-0.01589,0.004588989486131469,0.034301426717332315,0.01970262729617973,0.06596859996970471,0.6085408529402325,0.002535752395575716,5.796348943115112,0.5840857300722424,0.07032972910930015,,0.02925626204238921,-0.6242192660123734,-0.03976830147552911,0.0014141276815772261,0.07494730376760612,0.010432549554610383,0.03903393572126643,0.5984187907651182,-0.07142725694550944,0.7640063878367143,-0.17799514149258922,0.26395127839911425,0.010146282538030451,0.0001618786021388203,0.011168421774563151,-0.0015654754163037937,-0.031834757465907026,-0.6538674689256592,834.2610000000001,294.861,546.023,0.0,0.0012799649978592724,-0.031834757465907075,-0.0015654754163037937,0.0021844355041489294,-0.03837628428504388,-0.2788501597000417,-0.00107349387191439,-0.00032453035163282264,0.7923590122609511,0.00676791392099014,0.012390852010972564,0.04496794366673295,-0.17074768157297804,-0.07245850034908985,0.029601981806893662,-0.3244865619284272,-0.0976465568803242,-0.061552318105847714,23.28327327676392,-0.2764212234609221,,0.008541558777835318,0.0034411784369748114,0.018082649837948214,0.00016735301167558652,3.173817974394727,1.401564555403174,-0.1512205870513108,0.23214773121099028,-2.9211613899196993,-0.000658870124706984,-0.5799999999999998,0.14285714285714285,0.0,0.05263157894736842
2011-05-31,0.0007632727171333979,5.020799017780434,0.0,-0.012781334364733152,-0.11541607380009322,0,0,0,0,0,0,0,0,0,0,0,0,0,0,0,0,0,0,0,0,0,0,0,0,0,0,0,0,0,0,0,0,0,0,0,0,0,0,0,0,0,0,0,0,0,0,0,0,0,0,0,0,0,0,0,0,0,0,0,0,0,0,1,0,0,0,0,0,0,0,0,0,0,0,0,0,0,0,0,0,0,0,0,0,0,0,0.34204043406559204,1.5739761579647409,0.1158062738008563,0.0001633625081431086,-0.21445825829085585,13.292431348054599,-0.24759957755455456,-0.06427562841378437,0.023999504555261952,-0.0237728040929678,0.018660653533303945,-0.4032917752131703,0.869786426734153,0.08327313486530223,-0.027284,0.028587456851912472,0.004588989486131469,0.034301426717332315,0.01970262729617973,0.5669319062568949,0.002081324565907612,5.796348943115112,0.5840857300722424,0.07032972910930015,,0.02925626204238921,,-0.03976830147552911,0.0014141276815772261,0.07494730376760612,0.010432549554610383,0.03903393572126643,0.5984187907651182,-0.07142725694550944,0.7640063878367143,-0.17799514149258922,0.26395127839911425,0.010146282538030451,0.0001618786021388203,0.011168421774563151,-0.0015654754163037937,-0.031834757465907026,-0.6538674689256592,834.2610000000001,,,0.0,0.0012799649978592724,-0.031834757465907075,-0.0015654754163037937,0.0021844355041489294,-0.03837628428504388,-0.2788501597000417,-0.00107349387191439,-0.00032453035163282264,0.7923590122609511,0.00676791392099014,0.012390852010972564,0.04496794366673295,-0.17074768157297804,-0.07245850034908985,0.029601981806893662,-0.3244865619284272,-0.0976465568803242,-0.061552318105847714,23.28327327676392,-0.2764212234609221,,0.008541558777835318,0.0034411784369748114,0.018082649837948214,0.00016735301167558652,3.173817974394727,1.401564555403174,-0.1512205870513108,0.23214773121099028,,-0.000658870124706984,0.020000000000000018,0.2118226600985222,0.0,0.09826589595375723
2011-06-30,0.0009204902021726791,21.588371801304568,0.0,-0.01765493523872071,-0.009805454827197548,0,0,0,0,0,0,0,0,0,0,0,0,0,0,0,0,0,0,0,0,0,0,0,0,0,0,0,0,0,0,0,0,0,0,0,0,0,0,0,0,0,0,0,0,0,0,0,0,0,0,0,0,0,0,0,0,0,0,0,0,0,0,1,0,0,0,0,0,0,0,0,0,0,0,0,0,0,0,0,0,0,0,0,0,0,0,0.34204043406559204,1.5831312555836163,0.11667681755447336,0.0003116967382834223,0.21534994745960256,13.16726637728273,-0.11541607380009322,-0.24759957755455456,-0.06427562841378437,0.023999504555261952,-0.0026110246980121203,-0.43709673459562975,0.5970946939960082,0.08327313486530223,0.017544,-0.012781334364733152,0.028587456851912472,0.004588989486131469,0.034301426717332315,0.5724357751059524,0.001581287543742631,5.796348943115112,0.5840857300722424,0.07032972910930015,,0.02925626204238921,,-0.03976830147552911,0.0014141276815772261,0.07494730376760612,0.010432549554610383,0.03903393572126643,0.5984187907651182,-0.07142725694550944,0.7640063878367143,-0.17799514149258922,0.26395127839911425,0.010146282538030451,0.0001618786021388203,0.011168421774563151,-0.0015654754163037937,-0.031834757465907026,-0.6538674689256592,834.2610000000001,,,0.0,0.0012799649978592724,-0.031834757465907075,-0.0015654754163037937,0.0021844355041489294,-0.03837628428504388,-0.2788501597000417,-0.00107349387191439,-0.00032453035163282264,0.7923590122609511,0.00676791392099014,0.012390852010972564,0.04496794366673295,-0.17074768157297804,-0.07245850034908985,0.029601981806893662,-0.3244865619284272,-0.0976465568803242,-0.061552318105847714,23.28327327676392,-0.2764212234609221,,0.008541558777835318,0.0034411784369748114,0.018082649837948214,0.00016735301167558652,3.173817974394727,1.401564555403174,-0.1512205870513108,0.23214773121099028,,-0.000658870124706984,0.020000000000000018,0.2118226600985222,0.0,0.09826589595375723
2011-07-29,0.0009522877443846739,3.840943301555444,0.0,-0.02378052866540339,0.006136915421453823,0,0,0,0,0,0,0,0,0,0,0,0,0,0,0,0,0,0,0,0,0,0,0,0,0,0,0,0,0,0,0,0,0,0,0,0,0,0,0,0,0,0,0,0,0,0,0,0,0,0,0,0,0,0,0,0,0,0,0,0,0,0,1,0,0,0,0,0,0,0,0,0,0,0,0,0,0,0,0,0,0,0,0,0,0,0,0.34204043406559204,1.404104911689219,0.11557781386178935,0.0005655135436060724,8.31583090462028,13.157462377186107,-0.009805454827197548,-0.11541607380009322,-0.24759957755455456,-0.06427562841378437,0.18978522379594087,-0.36668419076039155,0.491904791387363,0.08327313486530223,0.040764,-0.01765493523872071,-0.012781334364733152,0.028587456851912472,0.004588989486131469,0.5550681640103676,0.001404930085716052,-0.44966764206495424,0.8663803401317579,0.05402397327924163,,0.0332905607708066,,0.01438193571982484,-0.0011457236288848775,0.0730843133781224,0.018487127271072486,0.0443050762893906,0.8713174329000645,-0.021833195706028152,0.7552905055944391,-0.011408127446360994,0.41789145928065563,-0.009692934779541326,0.00016945914116055756,0.01144730760301807,0.035330518451624146,-0.012781752961143256,-0.34620895180239564,838.043,,,0.0,-0.0010273380794426417,-0.012781752961143278,0.035330518451624146,-0.015461573442473897,0.0070782503391270514,-0.2863338021565869,0.0009784114298067499,0.011820308534784402,0.7813154659285257,0.02011124837244628,-0.0035081940584051896,0.04942831101324766,-0.01393755376229422,-0.024857337033236226,-0.012064220139585302,0.18172707976044877,0.03386993220141443,-0.0668356052788126,28.07683183974697,0.2058799253010053,,0.01050287895891675,0.003216907502780732,0.021263491318629753,0.010666631098152992,4.451462599247806,1.447664542081731,0.0636076802492187,0.22179368508741926,,-0.0003922997829405301,0.06000000000000005,0.21674876847290642,-1.0,0.0847457627118644
2011-08-31,0.0008397535489431552,6.133498899276948,0.01,-0.06176266039210687,-0.0274011276469512,0,0,0,0,0,0,0,0,0,0,0,0,0,0,0,0,0,0,0,0,0,0,0,0,0,0,0,0,0,0,0,0,0,0,0,0,0,0,0,0,0,0,0,0,0,0,0,0,0,0,0,0,0,0,0,0,0,0,0,0,0,0,1,0,0,0,0,0,0,0,0,0,0,0,0,0,0,0,0,0,0,0,0,0,0,0,0.3420404340656224,1.341374582624069,0.11566413909459473,0.003814626218710727,8.579586299842955,13.163601131884432,0.006136915421453823,-0.009805454827197548,-0.11541607380009322,-0.24759957755455456,0.04499747021698461,-0.14638574085278816,0.2724872953885029,0.06851948374164418,-0.018519,-0.02378052866540339,-0.01765493523872071,-0.012781334364733152,0.028587456851912472,0.5863808356476895,0.0012692353814671188,-0.44966764206495424,0.8663803401317579,0.05402397327924163,,0.0332905607708066,,0.01438193571982484,-0.0011457236288848775,0.0730843133781224,0.018487127271072486,0.0443050762893906,0.8713174329000645,-0.021833195706028152,0.7552905055944391,-0.011408127446360994,0.41789145928065563,-0.009692934779541326,0.00016945914116055756,0.01144730760301807,0.035330518451624146,-0.012781752961143256,-0.34620895180239564,838.043,,,0.0,-0.0010273380794426417,-0.012781752961143278,0.035330518451624146,-0.015461573442473897,0.0070782503391270514,-0.2863338021565869,0.0009784114298067499,0.011820308534784402,0.7813154659285257,0.02011124837244628,-0.0035081940584051896,0.04942831101324766,-0.01393755376229422,-0.024857337033236226,-0.012064220139585302,0.18172707976044877,0.03386993220141443,-0.0668356052788126,28.07683183974697,0.2058799253010053,,0.01050287895891675,0.003216907502780732,0.021263491318629753,0.010666631098152992,4.451462599247806,1.447664542081731,0.0636076802492187,0.22179368508741926,,-0.0003922997829405301,0.24,0.23584905660377356,-1.0,0.11442786069651743
2011-09-30,0.0012641538197928838,4.788342092689919,0.0,-0.07893498808814227,0.07545391327660608,0,0,0,0,0,0,0,0,0,0,0,0,0,0,0,0,0,0,0,0,0,0,0,0,0,0,0,0,0,0,0,0,0,0,0,0,0,0,0,0,0,0,0,0,0,0,0,0,0,0,0,0,0,0,0,0,0,0,0,0,0,0,1,0,0,0,0,0,0,0,0,0,0,0,0,0,0,0,0,0,0,0,0,0,0,0,0.34204043406559204,1.288492320322921,0.11592871899942142,0.006230732344475162,9.294105346189816,13.120723032774396,-0.0273011276469512,0.006136915421453823,-0.009805454827197548,-0.11541607380009322,-0.19775404309755412,0.04448424622391113,-0.03293190553098202,0.06851948374164418,-0.009346,-0.06176266039210687,-0.02378052866540339,-0.01765493523872071,-0.012781334364733152,0.5767752490323177,0.000837784979034224,-0.44966764206495424,0.8663803401317579,0.05402397327924163,,0.0332905607708066,,0.01438193571982484,-0.0011457236288848775,0.0730843133781224,0.018487127271072486,0.0443050762893906,0.8713174329000645,-0.021833195706028152,0.7552905055944391,-0.011408127446360994,0.41789145928065563,-0.009692934779541326,0.00016945914116055756,0.01144730760301807,0.035330518451624146,-0.012781752961143256,-0.34620895180239564,838.043,,,0.0,-0.0010273380794426417,-0.012781752961143278,0.035330518451624146,-0.015461573442473897,0.0070782503391270514,-0.2863338021565869,0.0009784114298067499,0.011820308534784402,0.7813154659285257,0.02011124837244628,-0.0035081940584051896,0.04942831101324766,-0.01393755376229422,-0.024857337033236226,-0.012064220139585302,0.18172707976044877,0.03386993220141443,-0.0668356052788126,28.07683183974697,0.2058799253010053,,0.01050287895891675,0.003216907502780732,0.021263491318629753,0.010666631098152992,4.451462599247806,1.447664542081731,0.0636076802492187,0.22179368508741926,,-0.0003922997829405301,0.24,0.23584905660377356,-1.0,0.11442786069651743
2011-10-31,0.0013458672785131576,5.006848224239528,0.0,0.1075082077152852,0.034765705092554985,0,0,0,0,0,0,0,0,0,0,0,0,0,0,0,0,0,0,0,0,0,0,0,0,0,0,0,0,0,0,0,0,0,0,0,0,0,0,0,0,0,0,0,0,0,0,0,0,0,0,0,0,0,0,0,0,0,0,0,0,0,0,1,0,0,0,0,0,0,0,0,0,0,0,0,0,0,0,0,0,0,0,0,0,0,0,0.6840808681311841,1.237044087682547,0.1182750537911813,0.011558014726152909,9.802668657647889,13.185261553911968,0.07545391327660608,-0.0273011276469512,0.006136915421453823,-0.009805454827197548,-0.14469742663678947,0.08905540614366367,0.002927761379924343,0.047383681994330996,-0.03304,-0.07893498808814227,-0.06176266039210687,-0.02378052866540339,-0.01765493523872071,0.5107137969284863,0.0013103783870220616,0.10402866086709772,0.8418352940611036,0.07915257769011712,,0.03761831355353845,-3.636449285455609,-0.00028554639136612025,-0.0006846498418469895,0.070104644005198,0.022769354251501034,0.04771491224685323,0.8610469367108076,0.03246887733279302,1.2628763276384116,0.6720405172371198,0.39949252576421523,-0.023935182071655608,0.00017344641039305564,0.011311006296862852,0.0635281504916138,0.023851369732352135,2.7612076852698992,835.239,273.66499999999996,561.5740000000001,0.02848048525428415,-0.0019719214097590715,0.023851369732352183,0.0635281504916138,0.00043003902205951405,0.012702783991578469,-0.05137887630163651,-0.001965226441269471,-0.0008122000282646995,1.2992579344534914,0.028747060710668192,0.015184755022153329,0.05850217232331059,0.6629108101801566,-0.04077029987965053,-0.02345676851119216,0.08073204927838862,-0.004382186449985559,-0.0068670407093534,30.542270704750972,0.08781043670011957,,0.013689986375483547,0.002972266050990483,0.027457985523881973,-0.007428952405441083,2.9638688469788566,1.4413406307575594,-0.0012156941895449247,0.24284401339311798,-3.0927392105953584,0.0,0.19999999999999996,0.2311320754716981,0.0,0.04568527918781726
2011-11-30,0.0022638647520268488,2.719437571258763,0.0,-0.0028039273327342593,0.04455107503655874,0,0,0,0,0,0,0,0,0,0,0,0,0,0,0,0,0,0,0,0,0,0,0,0,0,0,0,0,0,0,0,0,0,0,0,0,0,0,0,0,0,0,0,0,0,0,0,0,0,0,0,0,0,0,0,0,0,0,0,0,0,0,1,0,0,0,0,0,0,0,0,0,0,0,0,0,0,0,0,0,0,0,0,0,0,0,0.34204043406559204,1.184418113388968,0.11923247027702613,7.862008487254258e-06,7.389908138779045,13.22002751175518,0.034765705092554985,0.07545391327660608,-0.0273011276469512,0.006136915421453823,0.2370767029403196,0.12746956575876858,0.14963462463307522,0.04746251003915333,0.073684,0.1075082077152852,-0.07893498808814227,-0.06176266039210687,-0.02378052866540339,0.3985214070532269,-0.0009487261269925916,0.10402866086709772,0.8418352940611036,0.07915257769011712,,0.03761831355353845,-3.636449285455609,-0.00028554639136612025,-0.0006846498418469895,0.070104644005198,0.022769354251501034,0.04771491224685323,0.8610469367108076,0.03246887733279302,1.2628763276384116,0.6720405172371198,0.39949252576421523,-0.023935182071655608,0.00017344641039305564,0.011311006296862852,0.0635281504916138,0.023851369732352135,2.7612076852698992,835.239,273.66499999999996,561.5740000000001,0.02848048525428415,-0.0019719214097590715,0.023851369732352183,0.0635281504916138,0.00043003902205951405,0.012702783991578469,-0.05137887630163651,-0.001965226441269471,-0.0008122000282646995,1.2992579344534914,0.028747060710668192,0.015184755022153329,0.05850217232331059,0.6629108101801566,-0.04077029987965053,-0.02345676851119216,0.08073204927838862,-0.004382186449985559,-0.0068670407093534,30.542270704750972,0.08781043670011957,,0.013689986375483547,0.002972266050990483,0.027457985523881973,-0.007428952405441083,2.9638688469788566,1.4413406307575594,-0.0012156941895449247,0.24284401339311798,-3.0927392105953584,0.0,0.2999999999999998,0.2486248624862486,0.0,0.039647577092511016
2011-12-30,0.0016611206152945639,2.738155883851248,0.0,0.007372754329413157,-0.0011002244421227277,0,0,0,0,0,0,0,0,0,0,0,0,0,0,0,0,0,0,0,0,0,0,0,0,0,0,0,0,0,0,0,0,0,0,0,0,0,0,0,0,0,0,0,0,0,0,0,0,0,0,0,0,0,0,0,0,0,0,0,0,0,0,1,0,0,0,0,0,0,0,0,0,0,0,0,0,0,0,0,0,0,0,0,0,0,0,0.6840808681311841,1.2981692612387645,0.1166021903116206,5.435750640188045e-05,8.823408141569749,13.256239510598991,0.04455107503655874,0.034765705092554985,0.07545391327660608,-0.0273011276469512,0.40380560117508585,0.15367046896359704,0.2756263511232048,0.05159023113523994,-0.019418,-0.0028039273327342593,0.1075082077152852,-0.07893498808814227,-0.06176266039210687,0.35936801144927544,-0.0005961405478662632,0.10402866086709772,0.8418352940611036,0.07915257769011712,,0.03761831355353845,-3.636449285455609,-0.00028554639136612025,-0.0006846498418469895,0.070104644005198,0.022769354251501034,0.04771491224685323,0.8610469367108076,0.03246887733279302,1.2628763276384116,0.6720405172371198,0.39949252576421523,-0.023935182071655608,0.00017344641039305564,0.011311006296862852,0.0635281504916138,0.023851369732352135,2.7612076852698992,835.239,273.66499999999996,561.5740000000001,0.02848048525428415,-0.0019719214097590715,0.023851369732352183,0.0635281504916138,0.00043003902205951405,0.012702783991578469,-0.05137887630163651,-0.001965226441269471,-0.0008122000282646995,1.2992579344534914,0.028747060710668192,0.015184755022153329,0.05850217232331059,0.6629108101801566,-0.04077029987965053,-0.02345676851119216,0.08073204927838862,-0.004382186449985559,-0.0068670407093534,30.542270704750972,0.08781043670011957,,0.013689986375483547,0.002972266050990483,0.027457985523881973,-0.007428952405441083,2.9638688469788566,1.4413406307575594,-0.0012156941895449247,0.24284401339311798,-3.0927392105953584,0.0,0.2999999999999998,0.2486248624862486,0.0,0.039647577092511016
2012-01-31,0.0006465510560632527,3.477139582272033,0.0,0.04926624130291805,0.0597839706437142,0,0,0,0,0,0,0,0,0,0,0,0,0,0,0,0,0,0,0,0,0,0,0,0,0,0,0,0,0,0,0,0,0,0,0,0,0,0,0,0,0,0,0,0,0,0,0,0,0,0,0,0,0,0,0,0,0,0,0,0,0,0,1,0,0,0,0,0,0,0,0,0,0,0,0,0,0,0,0,0,0,0,0,0,0,0,0.34204043406559204,0.9391668270953517,0.10102284366052064,0.002427162532117348,1.9235919912867958,13.255140005265575,-0.0011002244421227277,0.04455107503655874,0.034765705092554985,0.07545391327660608,0.3196615254948299,0.13800052633070517,0.25175911227093023,0.05159023113523994,-0.040756,0.007372754329413157,-0.0028039273327342593,0.1075082077152852,-0.07893498808814227,0.35759861389760694,-0.00011682097876296329,-0.11271986543939294,0.78167370375268,0.09305812030704097,,0.04131158736133652,-2.8916809560026735,0.012692570835397628,0.00016407260373570848,0.07482223432937989,0.025792228851182288,0.04934295892608583,0.8513799691785666,0.06001748674866403,1.3088618952645208,0.03641335784011601,0.39337001720993825,-0.0492614588091975,0.00016332684450430556,0.011654633337689131,0.10623883509349358,0.028092693430117777,0.8437938288920055,845.736,306.014,539.722,-0.03891205789441832,-0.003342479224399342,0.028092693430117752,0.10623883509349358,0.0001114436731834978,0.011574898497043948,0.23657738455944743,-0.024189858582874108,-0.007371018970990375,1.34353315225607,0.035672711956720754,-0.004560660124888427,0.062270294380017854,0.034077311847398706,0.06729354939498866,-0.0019271734966936904,0.033631199378248766,-0.0037403861494034185,0.01823597253431064,31.54831460674157,0.03293939444502736,,0.016237556957685112,0.0030375462807039626,0.032845673505798395,-0.019909821415609142,2.588490170319666,1.4362515665362285,0.055623437411884025,0.2582129758909786,-3.1914720262312066,0.00017512377003790194,0.2999999999999998,0.2486248624862486,0.0,0.039647577092511016
2012-02-29,0.0012620689137878868,1.6979750382068262,0.0,0.043251041994314954,-0.08936781854274982,0,0,0,0,0,0,0,0,0,0,0,0,0,0,0,0,0,0,0,0,0,0,0,0,0,0,0,0,0,0,0,0,0,0,0,0,0,0,0,0,0,0,0,0,0,0,0,0,0,0,0,0,0,0,0,0,0,0,0,0,0,0,1,0,0,0,0,0,0,0,0,0,0,0,0,0,0,0,0,0,0,0,0,0,0,0,0.34204043406559204,0.9554630237301902,0.10105804043335094,0.0018706526335939956,1.8496343778382407,13.314923012427082,0.0597839706437142,-0.0011002244421227277,0.04455107503655874,0.034765705092554985,0.38554725961954206,0.013867002695400366,0.2997160134940635,0.05992965298562634,-0.022702,0.04926624130291805,0.007372754329413157,-0.0028039273327342593,0.1075082077152852,0.35966608712495385,0.0005898751841786933,-0.11271986543939294,0.78167370375268,0.09305812030704097,,0.04131158736133652,-2.8916809560026735,0.012692570835397628,0.00016407260373570848,0.07482223432937989,0.025792228851182288,0.04934295892608583,0.8513799691785666,0.06001748674866403,1.3088618952645208,0.03641335784011601,0.39337001720993825,-0.0492614588091975,0.00016332684450430556,0.011654633337689131,0.10623883509349358,0.028092693430117777,0.8437938288920055,845.736,306.014,539.722,-0.03891205789441832,-0.003342479224399342,0.028092693430117752,0.10623883509349358,0.0001114436731834978,0.011574898497043948,0.23657738455944743,-0.024189858582874108,-0.007371018970990375,1.34353315225607,0.035672711956720754,-0.004560660124888427,0.062270294380017854,0.034077311847398706,0.06729354939498866,-0.0019271734966936904,0.033631199378248766,-0.0037403861494034185,0.01823597253431064,31.54831460674157,0.03293939444502736,,0.016237556957685112,0.0030375462807039626,0.032845673505798395,-0.019909821415609142,2.588490170319666,1.4362515665362285,0.055623437411884025,0.2582129758909786,-3.1914720262312066,0.00017512377003790194,-1.0199999999999998,0.13701657458563535,0.0,0.16799999999999998
2012-03-30,0.0012836549244464525,1.9701379124570804,0.0,0.030626193541760747,0.03485322635378369,0,0,0,0,0,0,0,0,0,0,0,0,0,0,0,0,0,0,0,0,0,0,0,0,0,0,0,0,0,0,0,0,0,0,0,0,0,0,0,0,0,0,0,0,0,0,0,0,0,0,0,0,0,0,0,0,0,0,0,0,0,0,1,0,0,0,0,0,0,0,0,0,0,0,0,0,0,0,0,0,0,0,0,0,0,0,0.34204043406559204,0.9190701970501703,0.10182341289075708,0.0009379637308573877,3.477288239601312,13.215875286743632,-0.08936781854274982,0.0597839706437142,-0.0011002244421227277,0.04455107503655874,0.5222348794560314,0.004169154012625319,-0.03679473094887406,0.05992965298562634,-0.014161,0.043251041994314954,0.04926624130291805,0.007372754329413157,-0.0028039273327342593,0.3259757094133401,0.0005859079347853148,-0.11271986543939294,0.78167370375268,0.09305812030704097,,0.04131158736133652,-2.8916809560026735,0.012692570835397628,0.00016407260373570848,0.07482223432937989,0.025792228851182288,0.04934295892608583,0.8513799691785666,0.06001748674866403,1.3088618952645208,0.03641335784011601,0.39337001720993825,-0.0492614588091975,0.00016332684450430556,0.011654633337689131,0.10623883509349358,0.028092693430117777,0.8437938288920055,845.736,306.014,539.722,-0.03891205789441832,-0.003342479224399342,0.028092693430117752,0.10623883509349358,0.0001114436731834978,0.011574898497043948,0.23657738455944743,-0.024189858582874108,-0.007371018970990375,1.34353315225607,0.035672711956720754,-0.004560660124888427,0.062270294380017854,0.034077311847398706,0.06729354939498866,-0.0019271734966936904,0.033631199378248766,-0.0037403861494034185,0.01823597253431064,31.54831460674157,0.03293939444502736,,0.016237556957685112,0.0030375462807039626,0.032845673505798395,-0.019909821415609142,2.588490170319666,1.4362515665362285,0.055623437411884025,0.2582129758909786,-3.1914720262312066,0.00017512377003790194,-1.0199999999999998,0.13701657458563535,0.0,0.16799999999999998
2012-04-30,0.002407261965626761,2.020812379256271,0.0,-0.008536331022286335,-0.07453375101878681,0,0,0,0,0,0,0,0,0,0,0,0,0,0,0,0,0,0,0,0,0,0,0,0,0,0,0,0,0,0,0,0,0,0,0,0,0,0,0,0,0,0,0,0,0,0,0,0,0,0,0,0,0,0,0,0,0,0,0,0,0,0,1,0,0,0,0,0,0,0,0,0,0,0,0,0,0,0,0,0,0,0,0,0,0,0,0.34204043406559204,0.8349061349731279,0.1002022254415142,7.286894732204807e-05,2.2411086081750673,13.250889037227353,0.03485322635378369,-0.08936781854274982,0.0597839706437142,-0.0011002244421227277,0.6142388568439985,-0.06926437256403876,-0.010618439247131961,0.05992965298562634,-0.033372,0.030626193541760747,0.043251041994314954,0.04926624130291805,0.007372754329413157,0.3549845662373021,0.0005370426835517433,0.07104107465771126,0.7892752547040175,0.03569652720880124,,0.03154023126175897,-5.7115767115618885,-0.04535329182237195,-0.001177854916956527,0.07548510601270413,0.013042291142003885,0.04054783184181479,0.7029996655665357,-0.1756647516553227,1.5585036865336719,0.19073195741457383,0.32635022577547906,-0.0064852550667157255,0.00017007636108608545,0.010442707985971932,0.022720074629621296,-0.08773594820024155,-0.8142787642909268,820.332,282.852,537.48,-0.004153990387643969,-0.000871088659061884,-0.08773594820024155,0.022720074629621296,0.0027380251197886007,-0.039200825620021286,-0.05719237435008662,0.0013372453389439976,-0.014168168942735614,1.6087095899193646,0.009481315887361265,0.008033963997266635,0.042972521871604434,0.19737245576561202,0.008859287473375499,0.020243366587949674,-0.03083431988586327,-0.027027430461063484,-0.018205572626636912,30.408957175547567,-0.03611468458446698,,0.007973070645588162,0.003006758554792715,0.01665714509751207,-0.02502155223262186,6.126453057595416,1.3908642344497608,-0.17176258992805749,0.19541208582589142,-3.214038102967948,-0.000350835000457401,-1.0199999999999998,0.13701657458563535,0.0,0.16799999999999998
2012-05-31,0.0008634872538543215,1.6523662500259235,0.01,-0.06389213308777937,0.014669927154764414,0,0,0,0,0,0,0,0,0,0,0,0,0,0,0,0,0,0,0,0,0,0,0,0,0,0,0,0,0,0,0,0,0,0,0,0,0,0,0,0,0,0,0,0,0,0,0,0,0,0,0,0,0,0,0,0,0,0,0,0,0,0,1,0,0,0,0,0,0,0,0,0,0,0,0,0,0,0,0,0,0,0,0,0,0,0,0.34204043406559204,0.7980228038333561,0.09561104120984182,0.004082204670506511,3.9093578412991308,13.188710512014087,-0.07453375101878681,0.03485322635378369,-0.08936781854274982,0.0597839706437142,0.17881210018452323,-0.11427841605298855,-0.35938718374496187,0.05992965298562634,0.007683,-0.008536331022286335,0.030626193541760747,0.043251041994314954,0.04926624130291805,0.22933547527807097,0.00037429888584480166,0.07104107465771126,0.7892752547040175,0.03569652720880124,,0.03154023126175897,-5.7115767115618885,-0.04535329182237195,-0.001177854916956527,0.07548510601270413,0.013042291142003885,0.04054783184181479,0.7029996655665357,-0.1756647516553227,1.5585036865336719,0.19073195741457383,0.32635022577547906,-0.0064852550667157255,0.00017007636108608545,0.010442707985971932,0.022720074629621296,-0.08773594820024155,-0.8142787642909268,820.332,282.852,537.48,-0.004153990387643969,-0.000871088659061884,-0.08773594820024155,0.022720074629621296,0.0027380251197886007,-0.039200825620021286,-0.05719237435008662,0.0013372453389439976,-0.014168168942735614,1.6087095899193646,0.009481315887361265,0.008033963997266635,0.042972521871604434,0.19737245576561202,0.008859287473375499,0.020243366587949674,-0.03083431988586327,-0.027027430461063484,-0.018205572626636912,30.408957175547567,-0.03611468458446698,,0.007973070645588162,0.003006758554792715,0.01665714509751207,-0.02502155223262186,6.126453057595416,1.3908642344497608,-0.17176258992805749,0.19541208582589142,-3.214038102967948,-0.000350835000457401,0.31000000000000005,0.16958424507658643,-1.0,0.08333333333333333
2012-06-29,0.0006846199747408645,1.85751928632655,0.0,0.03816246109434886,0.07967828303141807,0,0,0,0,0,0,0,0,0,0,0,0,0,0,0,0,0,0,0,0,0,0,0,0,0,0,0,0,0,0,0,0,0,0,0,0,0,0,0,0,0,0,0,0,0,0,0,0,0,0,0,0,0,0,0,0,0,0,0,0,0,0,1,0,0,0,0,0,0,0,0,0,0,0,0,0,0,0,0,0,0,0,0,0,0,0,0.34204043406559204,0.6910637556830055,0.09621024817636599,0.0014563734367776901,5.0437418346135825,13.183840567445873,0.014769927154764413,-0.07453375101878681,0.03485322635378369,-0.08936781854274982,0.20938818342744892,0.05476768552117933,-0.35374607224484633,0.05992965298562634,0.036281,-0.06389213308777937,-0.008536331022286335,0.030626193541760747,0.043251041994314954,0.21573588095383578,0.0003208021817210122,0.07104107465771126,0.7892752547040175,0.03569652720880124,,0.03154023126175897,-5.7115767115618885,-0.04535329182237195,-0.001177854916956527,0.07548510601270413,0.013042291142003885,0.04054783184181479,0.7029996655665357,-0.1756647516553227,1.5585036865336719,0.19073195741457383,0.32635022577547906,-0.0064852550667157255,0.00017007636108608545,0.010442707985971932,0.022720074629621296,-0.08773594820024155,-0.8142787642909268,820.332,282.852,537.48,-0.004153990387643969,-0.000871088659061884,-0.08773594820024155,0.022720074629621296,0.0027380251197886007,-0.039200825620021286,-0.05719237435008662,0.0013372453389439976,-0.014168168942735614,1.6087095899193646,0.009481315887361265,0.008033963997266635,0.042972521871604434,0.19737245576561202,0.008859287473375499,0.020243366587949674,-0.03083431988586327,-0.027027430461063484,-0.018205572626636912,30.408957175547567,-0.03611468458446698,,0.007973070645588162,0.003006758554792715,0.01665714509751207,-0.02502155223262186,6.126453057595416,1.3908642344497608,-0.17176258992805749,0.19541208582589142,-3.214038102967948,-0.000350835000457401,0.31000000000000005,0.16958424507658643,-1.0,0.08333333333333333
2012-07-31,0.0006993345079516853,3.884567764056002,0.0,0.007868958378695197,-0.3721115617781469,0,0,0,0,0,0,0,0,0,0,0,0,0,0,0,0,0,0,0,0,0,0,0,0,0,0,0,0,0,0,0,0,0,0,0,0,0,0,0,0,0,0,0,0,0,0,0,0,0,0,0,0,0,0,0,0,0,0,0,0,0,0,1,0,0,0,0,0,0,0,0,0,0,0,0,0,0,0,0,0,0,0,0,0,0,0,0.34204043406559204,0.6547435951218605,0.09418641625470109,6.192050596563735e-05,3.884167307573357,13.263518644304067,0.07967828303141807,0.014769927154764413,-0.07453375101878681,0.03485322635378369,0.02719109835454156,-0.35219710261075127,-0.2767956155373742,0.07163872231724612,-0.004739,0.03816246109434886,-0.06389213308777937,-0.008536331022286335,0.030626193541760747,0.20098903385010292,0.00030526518894556176,0.07104107465771126,0.7892752547040175,0.03569652720880124,,0.03154023126175897,-5.7115767115618885,-0.04535329182237195,-0.001177854916956527,0.07548510601270413,0.013042291142003885,0.04054783184181479,0.7029996655665357,-0.1756647516553227,1.5585036865336719,0.19073195741457383,0.32635022577547906,-0.0064852550667157255,0.00017007636108608545,0.010442707985971932,0.022720074629621296,-0.08773594820024155,-0.8142787642909268,820.332,282.852,537.48,-0.004153990387643969,-0.000871088659061884,-0.08773594820024155,0.022720074629621296,0.0027380251197886007,-0.039200825620021286,-0.05719237435008662,0.0013372453389439976,-0.014168168942735614,1.6087095899193646,0.009481315887361265,0.008033963997266635,0.042972521871604434,0.19737245576561202,0.008859287473375499,0.020243366587949674,-0.03083431988586327,-0.027027430461063484,-0.018205572626636912,30.408957175547567,-0.03611468458446698,,0.007973070645588162,0.003006758554792715,0.01665714509751207,-0.02502155223262186,6.126453057595416,1.3908642344497608,-0.17176258992805749,0.19541208582589142,-3.214038102967948,-0.000350835000457401,0.13000000000000012,0.14989059080962802,-1.0,0.18115942028985504
2012-08-31,0.001402421803184614,1.6354577842583695,0.01,0.025177807184268607,0.11139825777370797,0,0,0,0,0,0,0,0,0,0,0,0,0,0,0,0,0,0,0,0,0,0,0,0,0,0,0,0,0,0,0,0,0,0,0,0,0,0,0,0,0,0,0,0,0,0,0,0,0,0,0,0,0,0,0,0,0,0,0,0,0,0,1,0,0,0,0,0,0,0,0,0,0,0,0,0,0,0,0,0,0,0,0,0,0,0,0.34204043406559204,0.8013666602617526,0.10681821778252984,0.0006339219746082079,7.535457590526924,12.891407892235495,-0.3721115617781469,0.07967828303141807,0.014769927154764413,-0.07453375101878681,-0.09473014592186138,-0.16616509381825645,-0.7770277973956897,0.07163872231724612,-0.007133,0.007868958378695197,0.03816246109434886,-0.06389213308777937,-0.008536331022286335,0.14862193453244488,0.0007203503964316122,0.043112978111872646,0.5831562802160091,0.050473385106926054,,0.026933631760517968,-0.04661551428488254,-0.13178208148619747,-0.00033299789052437546,0.035406201810769956,0.012145001771833351,0.03646987029218732,0.6004145100390288,-0.13710269040168876,1.5940969628815278,0.022838108536669788,0.16704021879407335,-0.02881825356542455,0.00017004558160857314,0.011373551343097438,0.04625344491803295,-0.19867544219518296,-0.7320528667871066,647.279,229.438,417.841,-0.22259246855696957,-0.0041139548273268454,-0.19867544219518293,0.04625344491803295,0.00038100681049679785,-0.004573424247463823,-0.3728034159960585,-0.003691082274694117,-0.028527852055265788,1.6434511870693778,0.0187739677139148,-0.25351768342960523,0.03323991367757107,0.021595940850799966,-0.530951154724336,-0.0463424072828682,-0.4457050849936943,-0.45166431604372526,-0.12970548126531967,16.331352911220506,-0.46294268438929354,,0.008222649844422059,0.003328556732508819,0.01554648276107312,-0.20286059499917614,2.796175196907606,0.7424258793388174,-0.482869459584395,0.242514577092679,-3.338545327043673,-8.681202124255441e-05,0.2799999999999998,0.23809523809523808,0.0,0.0783132530120482
2012-09-28,0.0004635769909532238,3.922502023135145,0.01,0.02693133905103052,-0.004419271741644106,0,0,0,0,0,0,0,0,0,0,0,0,0,0,0,0,0,0,0,0,0,0,0,0,0,0,0,0,0,0,0,0,0,0,0,0,0,0,0,0,0,0,0,0,0,0,0,0,0,0,0,0,0,0,0,0,0,0,0,0,0,0,1,0,0,0,0,0,0,0,0,0,0,0,0,0,0,0,0,0,0,0,0,0,0,0,0.3420404340656224,0.7960342421964844,0.10650744742670988,0.0007252970230815614,7.558161498630918,12.991402757510118,0.11149825777370798,-0.3721115617781469,0.07967828303141807,0.014769927154764413,-0.35589011219598843,-0.18525429271466498,-0.27314220848847093,0.08887681802724405,-0.005739,0.025177807184268607,0.007868958378695197,0.03816246109434886,-0.06389213308777937,0.21655996110108866,-0.0010176454299528192,0.043112978111872646,0.5831562802160091,0.050473385106926054,,0.026933631760517968,-0.04661551428488254,-0.13178208148619747,-0.00033299789052437546,0.035406201810769956,0.012145001771833351,0.03646987029218732,0.6004145100390288,-0.13710269040168876,1.5940969628815278,0.022838108536669788,0.16704021879407335,-0.02881825356542455,0.00017004558160857314,0.011373551343097438,0.04625344491803295,-0.19867544219518296,-0.7320528667871066,647.279,229.438,417.841,-0.22259246855696957,-0.0041139548273268454,-0.19867544219518293,0.04625344491803295,0.00038100681049679785,-0.004573424247463823,-0.3728034159960585,-0.003691082274694117,-0.028527852055265788,1.6434511870693778,0.0187739677139148,-0.25351768342960523,0.03323991367757107,0.021595940850799966,-0.530951154724336,-0.0463424072828682,-0.4457050849936943,-0.45166431604372526,-0.12970548126531967,16.331352911220506,-0.46294268438929354,,0.008222649844422059,0.003328556732508819,0.01554648276107312,-0.20286059499917614,2.796175196907606,0.7424258793388174,-0.482869459584395,0.242514577092679,-3.338545327043673,-8.681202124255441e-05,0.2799999999999998,0.23809523809523808,0.0,0.0783132530120482
2012-10-31,0.0018092074365781978,3.5194617667126833,0.01,-0.01775493523872071,-0.21856585842345888,0,0,0,0,0,0,0,0,0,0,0,0,0,0,0,0,0,0,0,0,0,0,0,0,0,0,0,0,0,0,0,0,0,0,0,0,0,0,0,0,0,0,0,0,0,0,0,0,0,0,0,0,0,0,0,0,0,0,0,0,0,0,1,0,0,0,0,0,0,0,0,0,0,0,0,0,0,0,0,0,0,0,0,0,0,0,0.34204043406559204,0.810035569634618,0.10642126965076464,0.0003152377253311664,7.610747817773948,12.987083096365602,-0.004319271741644106,0.11149825777370798,-0.3721115617781469,0.07967828303141807,-0.40614964897303046,-0.4833984341695419,0.08070610688451697,0.08365350381628008,-0.008897,0.02693133905103052,0.025177807184268607,0.007868958378695197,0.03816246109434886,0.21475684529702166,-0.0010240628345251491,0.4517921146953403,0.7791954835779538,0.05201638846649325,,0.036208799693446266,-4.261133603238869,0.06504408648532459,0.00037616207211564216,0.05969937829542772,0.020395186929051474,0.04591501060951325,0.8041576838389588,0.011222828522930106,1.5844492303290871,-0.006052161679676704,0.3242280517180916,-0.0466208591309349,0.00016058395877635942,0.01111774786549454,0.09421247190171494,0.010044213904935706,1.7793058284217418,652.7180000000001,236.38100000000003,416.33700000000005,-0.003599455295195897,-0.0052506880426776556,0.010044213904935673,0.09421247190171494,-0.004205347933031844,0.013291440000567402,-0.37889022919179727,-0.004752921433035103,0.0050303198736382365,1.633244061573673,0.03729497594039427,0.008830718753814804,0.057733131272832264,-0.0062107871386836155,0.6861277189373134,0.06755492143972575,0.4214617001399761,0.3844514072561991,0.23147860877403992,22.92569105691057,0.40378394744990187,,0.013010388947403936,0.00321782461405362,0.026405814102354163,-0.1651000615144042,3.9367024989529527,1.006453040567068,0.46550182936969886,0.25173584998830845,-2.617292691693671,-0.0005749009733073478,0.2799999999999998,0.23809523809523808,0.0,0.0783132530120482
2012-11-30,0.00018623160243038555,7.68427076262941,0.01,0.007768958378695197,-0.03573757101541117,0,0,0,0,0,0,0,0,0,0,0,0,0,0,0,0,0,0,0,0,0,0,0,0,0,0,0,0,0,0,0,0,0,0,0,0,0,0,0,0,0,0,0,0,0,0,0,0,0,0,0,0,0,0,0,0,0,0,0,0,0,0,1,0,0,0,0,0,0,0,0,0,0,0,0,0,0,0,0,0,0,0,0,0,0,0,0.34204043406559204,0.841021978408993,0.10898567319663868,6.03567142898983e-05,9.626802490413503,12.768618337102982,-0.2184658584234589,-0.004319271741644106,0.11149825777370798,-0.3721115617781469,-0.1626306096524529,-0.14692444340680616,-0.181010913172509,0.08365350381628008,0.003795,-0.01775493523872071,0.02693133905103052,0.025177807184268607,0.007868958378695197,0.2127556529994915,-0.0018990826586760912,0.4517921146953403,0.7791954835779538,0.05201638846649325,,0.036208799693446266,-4.261133603238869,0.06504408648532459,0.00037616207211564216,0.05969937829542772,0.020395186929051474,0.04591501060951325,0.8041576838389588,0.011222828522930106,1.5844492303290871,-0.006052161679676704,0.3242280517180916,-0.0466208591309349,0.00016058395877635942,0.01111774786549454,0.09421247190171494,0.010044213904935706,1.7793058284217418,652.7180000000001,236.38100000000003,416.33700000000005,-0.003599455295195897,-0.0052506880426776556,0.010044213904935673,0.09421247190171494,-0.004205347933031844,0.013291440000567402,-0.37889022919179727,-0.004752921433035103,0.0050303198736382365,1.633244061573673,0.03729497594039427,0.008830718753814804,0.057733131272832264,-0.0062107871386836155,0.6861277189373134,0.06755492143972575,0.4214617001399761,0.3844514072561991,0.23147860877403992,22.92569105691057,0.40378394744990187,,0.013010388947403936,0.00321782461405362,0.026405814102354163,-0.1651000615144042,3.9367024989529527,1.006453040567068,0.46550182936969886,0.25173584998830845,-2.617292691693671,-0.0005749009733073478,0.25,0.3220338983050847,-1.0,0.052356020942408384
2012-12-31,0.0007728357286746316,3.519028881844105,0.01,0.011729751753577222,0.12423176273574127,0,0,0,0,0,0,0,0,0,0,0,0,0,0,0,0,0,0,0,0,0,0,0,0,0,0,0,0,0,0,0,0,0,0,0,0,0,0,0,0,0,0,0,0,0,0,0,0,0,0,0,0,0,0,0,0,0,0,0,0,0,0,1,0,0,0,0,0,0,0,0,0,0,0,0,0,0,0,0,0,0,0,0,0,0,0,0.34204043406559204,0.7966458319756647,0.10852492678326679,0.0001375870762005479,9.345901931143253,12.713098569571653,-0.035637571015411165,-0.2184658584234589,-0.004319271741644106,0.11149825777370798,-0.3345452376549477,-0.13409093844477288,-0.604559529186483,0.08365350381628008,0.017241,0.007768958378695197,-0.01775493523872071,0.02693133905103052,0.025177807184268607,0.21638572792095967,-0.0018311251402351977,0.4517921146953403,0.7791954835779538,0.05201638846649325,,0.036208799693446266,-4.261133603238869,0.06504408648532459,0.00037616207211564216,0.05969937829542772,0.020395186929051474,0.04591501060951325,0.8041576838389588,0.011222828522930106,1.5844492303290871,-0.006052161679676704,0.3242280517180916,-0.0466208591309349,0.00016058395877635942,0.01111774786549454,0.09421247190171494,0.010044213904935706,1.7793058284217418,652.7180000000001,236.38100000000003,416.33700000000005,-0.003599455295195897,-0.0052506880426776556,0.010044213904935673,0.09421247190171494,-0.004205347933031844,0.013291440000567402,-0.37889022919179727,-0.004752921433035103,0.0050303198736382365,1.633244061573673,0.03729497594039427,0.008830718753814804,0.057733131272832264,-0.0062107871386836155,0.6861277189373134,0.06755492143972575,0.4214617001399761,0.3844514072561991,0.23147860877403992,22.92569105691057,0.40378394744990187,,0.013010388947403936,0.00321782461405362,0.026405814102354163,-0.1651000615144042,3.9367024989529527,1.006453040567068,0.46550182936969886,0.25173584998830845,-2.617292691693671,-0.0005749009733073478,0.25,0.3220338983050847,-1.0,0.052356020942408384
2013-01-31,0.0009623028267399265,5.090723718796298,0.0,0.054204054013512186,0.32796043560853033,0,0,0,0,0,0,0,0,0,0,0,0,0,0,0,0,0,0,0,0,0,0,0,0,0,0,0,0,0,0,0,0,0,0,0,0,0,0,0,0,0,0,0,0,0,0,0,0,0,0,0,0,0,0,0,0,0,0,0,0,0,0,1,0,0,0,0,0,0,0,0,0,0,0,0,0,0,0,0,0,0,0,0,0,0,0,0.6840808681311841,0.7824430140473997,0.10921458130453489,0.0029380794714997465,9.07009242784034,12.822232674613119,0.12433176273574127,-0.035637571015411165,-0.2184658584234589,-0.004319271741644106,-0.34542273388360256,0.19818876890540155,-0.6196555370385568,0.10516943451362243,0.279687,0.011729751753577222,0.007768958378695197,-0.01775493523872071,0.02693133905103052,0.21985180854804498,0.0002018867741023924,1.4030044575479979,0.8915196100138251,0.07030183570939039,,0.04258982986287455,-4.83030333548179,0.023866770884663557,-0.0015193737857753756,0.06462700295299414,0.03286107313028616,0.055721228186436954,1.027038936405293,0.0810823176834603,1.5723089652417668,-0.007662135747195209,0.42882396424184943,-0.09094577832152384,0.00017311208140926912,0.012407409076196464,0.20734587338978427,0.02567632923912133,1.4584811923349892,656.564,267.12699999999995,389.437,-0.064611120318396,-0.00751245484235287,0.025676329239121398,0.20734587338978427,-0.005752988047808771,0.0204437180071968,-0.3205919827501714,-0.009550740487384107,0.011416989489108622,1.6084509654272203,0.07324465878518892,-0.03150463789587388,0.0739672823966545,-0.015180276316182573,0.08254063607131101,-0.03618341916887724,0.2943006422732056,0.11056493637958376,-0.04939885253833265,31.09080165452039,0.35615548413964104,,0.017567785422049488,0.003463237534695705,0.035698370022341,-0.1814096411498006,3.179342571704802,1.1167410698493778,0.11954494194747278,0.26427933679971455,-3.364452456475237,0.0013583446234410616,0.25,0.3220338983050847,-1.0,0.052356020942408384
2013-02-28,0.0012470925538392008,2.171952909690472,0.0,0.012817503710614343,-0.11915859553166104,0,0,0,0,0,0,0,0,0,0,0,0,0,0,0,0,0,0,0,0,0,0,0,0,0,0,0,0,0,0,0,0,0,0,0,0,0,0,0,0,0,0,0,0,0,0,0,0,0,0,0,0,0,0,0,0,0,0,0,0,0,0,1,0,0,0,0,0,0,0,0,0,0,0,0,0,0,0,0,0,0,0,0,0,0,0,0.3420404340656224,1.0761317596743303,0.12139255051811114,0.00016428840137161244,9.333517366677828,13.150194221566423,0.32796043560853033,0.12433176273574127,-0.035637571015411165,-0.2184658584234589,-0.3291230714671062,0.2974960317971994,-0.28300493902637663,0.18793015203932653,-0.013569,0.054204054013512186,0.011729751753577222,0.007768958378695197,-0.01775493523872071,0.22122747152921152,0.00017896014232111836,1.4030044575479979,0.8915196100138251,0.07030183570939039,,0.04258982986287455,-4.83030333548179,0.023866770884663557,-0.0015193737857753756,0.06462700295299414,0.03286107313028616,0.055721228186436954,1.027038936405293,0.0810823176834603,1.5723089652417668,-0.007662135747195209,0.42882396424184943,-0.09094577832152384,0.00017311208140926912,0.012407409076196464,0.20734587338978427,0.02567632923912133,1.4584811923349892,656.564,267.12699999999995,389.437,-0.064611120318396,-0.00751245484235287,0.025676329239121398,0.20734587338978427,-0.005752988047808771,0.0204437180071968,-0.3205919827501714,-0.009550740487384107,0.011416989489108622,1.6084509654272203,0.07324465878518892,-0.03150463789587388,0.0739672823966545,-0.015180276316182573,0.08254063607131101,-0.03618341916887724,0.2943006422732056,0.11056493637958376,-0.04939885253833265,31.09080165452039,0.35615548413964104,,0.017567785422049488,0.003463237534695705,0.035698370022341,-0.1814096411498006,3.179342571704802,1.1167410698493778,0.11954494194747278,0.26427933679971455,-3.364452456475237,0.0013583446234410616,-0.8299999999999998,0.13735558408215662,0.0,0.05555555555555555
2013-03-29,0.0005511580344344966,1.5701932953573272,0.0,0.03950913309471249,0.06908527268943056,0,0,0,0,0,0,0,0,0,0,0,0,0,0,0,0,0,0,0,0,0,0,0,0,0,0,0,0,0,0,0,0,0,0,0,0,0,0,0,0,0,0,0,0,0,0,0,0,0,0,0,0,0,0,0,0,0,0,0,0,0,0,1,0,0,0,0,0,0,0,0,0,0,0,0,0,0,0,0,0,0,0,0,0,0,0,0.6840808681311841,0.8475711371712438,0.118223237269969,0.0015609715978957058,13.120096168960863,13.031036615246872,-0.11915859553166104,0.32796043560853033,0.12433176273574127,-0.035637571015411165,-0.6723833428933755,0.4022188755020411,-0.5028149737753048,0.18793015203932653,,0.012817503710614343,0.054204054013512186,0.011729751753577222,0.007768958378695197,0.2061149078607979,-0.0005399165860822735,1.4030044575479979,0.8915196100138251,0.07030183570939039,,0.04258982986287455,-4.83030333548179,0.023866770884663557,-0.0015193737857753756,0.06462700295299414,0.03286107313028616,0.055721228186436954,1.027038936405293,0.0810823176834603,1.5723089652417668,-0.007662135747195209,0.42882396424184943,-0.09094577832152384,0.00017311208140926912,0.012407409076196464,0.20734587338978427,0.02567632923912133,1.4584811923349892,656.564,267.12699999999995,389.437,-0.064611120318396,-0.00751245484235287,0.025676329239121398,0.20734587338978427,-0.005752988047808771,0.0204437180071968,-0.3205919827501714,-0.009550740487384107,0.011416989489108622,1.6084509654272203,0.07324465878518892,-0.03150463789587388,0.0739672823966545,-0.015180276316182573,0.08254063607131101,-0.03618341916887724,0.2943006422732056,0.11056493637958376,-0.04939885253833265,31.09080165452039,0.35615548413964104,,0.017567785422049488,0.003463237534695705,0.035698370022341,-0.1814096411498006,3.179342571704802,1.1167410698493778,0.11954494194747278,0.26427933679971455,-3.364452456475237,0.0013583446234410616,-0.8299999999999998,0.13735558408215662,0.0,0.05555555555555555
2013-04-30,0.0017701447637010488,1.7975255212008339,0.0,0.015381102038302391,0.017813386486569154,0,0,0,0,0,0,0,0,0,0,0,0,0,0,0,0,0,0,0,0,0,0,0,0,0,0,0,0,0,0,0,0,0,0,0,0,0,0,0,0,0,0,0,0,0,0,0,0,0,0,0,0,0,0,0,0,0,0,0,0,0,0,1,0,0,0,0,0,0,0,0,0,0,0,0,0,0,0,0,0,0,0,0,0,0,0,0.34204043406559204,0.8354909037286927,0.11842112875132962,0.00023657829991266999,12.675032861907157,13.094081282824611,0.06908527268943056,-0.11915859553166104,0.32796043560853033,0.12433176273574127,-0.7864469154555479,0.295700499252869,-0.6149683959589224,0.18793015203932653,0.015365,0.03950913309471249,0.012817503710614343,0.054204054013512186,0.011729751753577222,0.21309345283468673,-0.0008265201912021501,-0.006367041198501955,0.6869365726736726,0.08728563437346652,,0.02849367081662103,-1.9198021668223764,-0.036475955712673175,-0.00013162017279439716,0.07053394858272907,0.012979706167794125,0.03704964798757049,0.7485963382236225,-0.03583142881327239,1.699002117667284,0.08057777143440514,0.2718180491645392,-0.012312208772484517,0.00017474801944731357,0.012757375140456663,0.030654287066534034,-0.010239134990626009,-0.454406220546654,637.97,257.314,380.656,-0.02254793458248705,-0.0019450566781176173,-0.010239134990626036,0.030654287066534034,0.0018593021205661753,-0.043641199226305605,-0.28084150326797386,-0.0048342424087950975,-0.012758519865811346,1.7378781130099787,0.0,0.019243427066954366,0.04104654989578384,0.08046695259272729,0.0914005811786025,0.05989965142562692,-0.14336577710286236,-0.0570420143458541,-0.0312733171855748,26.55005015045136,-0.1460480676737017,,0.008949154078378731,0.003639627847591394,0.019258663351251204,-0.11026588989697256,2.1693137303109276,1.0456078812441243,-0.1615224773199534,0.2647810455505944,-3.1820069936030433,0.0,-0.8299999999999998,0.13735558408215662,0.0,0.05555555555555555
2013-05-31,0.0008484059117473562,1.6693275142389328,0.0,0.02761516703297339,0.1291581813114254,0,0,0,0,0,0,0,0,0,0,0,0,0,0,0,0,0,0,0,0,0,0,0,0,0,0,0,0,0,0,0,0,0,0,0,0,0,0,0,0,0,0,0,0,0,0,0,0,0,0,0,0,0,0,0,0,0,0,0,0,0,0,1,0,0,0,0,0,0,0,0,0,0,0,0,0,0,0,0,0,0,0,0,0,0,0,0.34204043406559204,0.7869520656639878,0.11827415495705358,0.0007625974502590203,12.941202362119434,13.125408576076792,0.017813386486569154,0.06908527268943056,-0.11915859553166104,0.32796043560853033,-0.775219952739085,0.09689824495576407,-0.6880587624181975,0.18793015203932653,-0.019737,0.015381102038302391,0.03950913309471249,0.012817503710614343,0.054204054013512186,0.21120924462656288,-0.0008552061440587257,-0.006367041198501955,0.6869365726736726,0.08728563437346652,,0.02849367081662103,-1.9198021668223764,-0.036475955712673175,-0.00013162017279439716,0.07053394858272907,0.012979706167794125,0.03704964798757049,0.7485963382236225,-0.03583142881327239,1.699002117667284,0.08057777143440514,0.2718180491645392,-0.012312208772484517,0.00017474801944731357,0.012757375140456663,0.030654287066534034,-0.010239134990626009,-0.454406220546654,637.97,257.314,380.656,-0.02254793458248705,-0.0019450566781176173,-0.010239134990626036,0.030654287066534034,0.0018593021205661753,-0.043641199226305605,-0.28084150326797386,-0.0048342424087950975,-0.012758519865811346,1.7378781130099787,0.0,0.019243427066954366,0.04104654989578384,0.08046695259272729,0.0914005811786025,0.05989965142562692,-0.14336577710286236,-0.0570420143458541,-0.0312733171855748,26.55005015045136,-0.1460480676737017,,0.008949154078378731,0.003639627847591394,0.019258663351251204,-0.11026588989697256,2.1693137303109276,1.0456078812441243,-0.1615224773199534,0.2647810455505944,-3.1820069936030433,0.0,0.05999999999999983,0.1313953488372093,0.0,0.10526315789473685
2013-06-28,0.001428020845462518,4.205704767853424,0.0,-0.012072581234269249,-0.038774863733051584,0,0,0,0,0,0,0,0,0,0,0,0,0,0,0,0,0,0,0,0,0,0,0,0,0,0,0,0,0,0,0,0,0,0,0,0,0,0,0,0,0,0,0,0,0,0,0,0,0,0,0,0,0,0,0,0,0,0,0,0,0,0,1,0,0,0,0,0,0,0,0,0,0,0,0,0,0,0,0,0,0,0,0,0,0,0,0.34204043406559204,0.6801928417814218,0.1193007299981567,0.00014574721765803003,11.430684958327777,13.232480948311784,0.1291581813114254,0.017813386486569154,0.06908527268943056,-0.11915859553166104,-0.40014863213216695,0.17728197675437354,-0.1832577950910111,0.19381679321856568,-0.038031,0.02761516703297339,0.015381102038302391,0.03950913309471249,0.012817503710614343,0.20163863975667595,-0.0012278173771963496,-0.006367041198501955,0.6869365726736726,0.08728563437346652,,0.02849367081662103,-1.9198021668223764,-0.036475955712673175,-0.00013162017279439716,0.07053394858272907,0.012979706167794125,0.03704964798757049,0.7485963382236225,-0.03583142881327239,1.699002117667284,0.08057777143440514,0.2718180491645392,-0.012312208772484517,0.00017474801944731357,0.012757375140456663,0.030654287066534034,-0.010239134990626009,-0.454406220546654,637.97,257.314,380.656,-0.02254793458248705,-0.0019450566781176173,-0.010239134990626036,0.030654287066534034,0.0018593021205661753,-0.043641199226305605,-0.28084150326797386,-0.0048342424087950975,-0.012758519865811346,1.7378781130099787,0.0,0.019243427066954366,0.04104654989578384,0.08046695259272729,0.0914005811786025,0.05989965142562692,-0.14336577710286236,-0.0570420143458541,-0.0312733171855748,26.55005015045136,-0.1460480676737017,,0.008949154078378731,0.003639627847591394,0.019258663351251204,-0.11026588989697256,2.1693137303109276,1.0456078812441243,-0.1615224773199534,0.2647810455505944,-3.1820069936030433,0.0,0.05999999999999983,0.1313953488372093,0.0,0.10526315789473685
2013-07-31,0.0009304161766755152,3.372571629910793,0.0,0.054961558073974334,0.1058240519303823,0,0,0,0,0,0,0,0,0,0,0,0,0,0,0,0,0,0,0,0,0,0,0,0,0,0,0,0,0,0,0,0,0,0,0,0,0,0,0,0,0,0,0,0,0,0,0,0,0,0,0,0,0,0,0,0,0,0,0,0,0,0,1,0,0,0,0,0,0,0,0,0,0,0,0,0,0,0,0,0,0,0,0,0,0,0,0.34204043406559204,0.6757724448762188,0.1192675291727225,0.0030207728659188532,11.526325038256019,13.193707562385823,-0.038774863733051584,0.1291581813114254,0.017813386486569154,0.06908527268943056,-0.25143585913618877,0.21402075599532527,-0.16324092352423855,0.19381679321856568,0.0,-0.012072581234269249,0.02761516703297339,0.015381102038302391,0.03950913309471249,0.18945611525038264,-0.001087554199674078,-0.006367041198501955,0.6869365726736726,0.08728563437346652,,0.02849367081662103,-1.9198021668223764,-0.036475955712673175,-0.00013162017279439716,0.07053394858272907,0.012979706167794125,0.03704964798757049,0.7485963382236225,-0.03583142881327239,1.699002117667284,0.08057777143440514,0.2718180491645392,-0.012312208772484517,0.00017474801944731357,0.012757375140456663,0.030654287066534034,-0.010239134990626009,-0.454406220546654,637.97,257.314,380.656,-0.02254793458248705,-0.0019450566781176173,-0.010239134990626036,0.030654287066534034,0.0018593021205661753,-0.043641199226305605,-0.28084150326797386,-0.0048342424087950975,-0.012758519865811346,1.7378781130099787,0.0,0.019243427066954366,0.04104654989578384,0.08046695259272729,0.0914005811786025,0.05989965142562692,-0.14336577710286236,-0.0570420143458541,-0.0312733171855748,26.55005015045136,-0.1460480676737017,,0.008949154078378731,0.003639627847591394,0.019258663351251204,-0.11026588989697256,2.1693137303109276,1.0456078812441243,-0.1615224773199534,0.2647810455505944,-3.1820069936030433,0.0,0.1299999999999999,0.13953488372093023,-1.0,0.0
2013-08-30,0.0005081338830779267,4.600344731039383,0.0,-0.02747397700075509,-0.131651270190926,0,0,0,0,0,0,0,0,0,0,0,0,0,0,0,0,0,0,0,0,0,0,0,0,0,0,0,0,0,0,0,0,0,0,0,0,0,0,0,0,0,0,0,0,0,0,0,0,0,0,0,0,0,0,0,0,0,0,0,0,0,0,1,0,0,0,0,0,0,0,0,0,0,0,0,0,0,0,0,0,0,0,0,0,0,0,0.34204043406559204,0.7585951458833431,0.11992010780764653,0.0007548194122380197,12.365882763617527,13.29953308618967,0.1058240519303823,-0.038774863733051584,0.1291581813114254,0.017813386486569154,-0.25877945156603127,0.0645560993178301,0.08992698712526742,0.19381679321856568,-0.068462,0.054961558073974334,-0.012072581234269249,0.02761516703297339,0.015381102038302391,0.19196543645913422,-0.0006334417161595752,-0.03055666268101498,0.630760631099068,0.09054696747396997,,0.029240947702692,-1.1865894324853232,0.0109903818211458,-0.0008817254601770538,0.06517871024582376,0.012897788743294955,0.04216405480306476,0.6810259320679269,0.004748945136103577,1.6682779456193353,-0.018083657300046685,0.26053124162043534,-0.03499259322262151,0.0001738228156717792,0.01283391851874785,0.05880060234309829,0.00923344125233716,-0.32260392609699773,641.56,262.108,379.45199999999994,-0.0031629607834897655,-0.00503780495574741,0.00923344125233726,0.05880060234309829,0.0004159667226621977,0.004396702473145139,0.21628698612202135,0.001496464138510212,0.020552608164994615,1.7007496922904777,0.009982025659458956,0.014120467951650228,0.04839167780338971,-0.0213642259727842,-0.07592426688864817,-0.021887078967425255,0.18360376440957205,0.01971753227877282,-0.03243286842062876,32.11207884483154,0.20949221048027367,,0.009923016505455799,0.003656048020099623,0.020736727866323447,0.08162834954792655,2.1934246575342464,1.0654534669728817,0.058578638781431325,0.27110464606944656,-3.406919117071448,0.000557862834917602,0.15000000000000013,0.15288788221970556,-1.0,0.05147058823529412
2013-09-30,0.0004604565666347446,4.284274999600198,0.0,0.03700672562909574,0.06189883761495333,0,0,0,0,0,0,0,0,0,0,0,0,0,0,0,0,0,0,0,0,0,0,0,0,0,0,0,0,0,0,0,0,0,0,0,0,0,0,0,0,0,0,0,0,0,0,0,0,0,0,0,0,0,0,0,0,0,0,0,0,0,0,1,0,0,0,0,0,0,0,0,0,0,0,0,0,0,0,0,0,0,0,0,0,0,0,0.34204043406559204,0.844462811380973,0.12104385440820313,0.0013694977417871713,12.894527075245804,13.159673227559704,-0.131651270190926,0.1058240519303823,-0.038774863733051584,0.1291581813114254,-0.14325827397222068,-0.0027032443786419655,0.15473071222953116,0.19381679321856568,-0.008979,-0.02747397700075509,0.054961558073974334,-0.012072581234269249,0.02761516703297339,0.19755049576025174,-0.0006007604816359836,-0.03055666268101498,0.630760631099068,0.09054696747396997,,0.029240947702692,-1.1865894324853232,0.0109903818211458,-0.0008817254601770538,0.06517871024582376,0.012897788743294955,0.04216405480306476,0.6810259320679269,0.004748945136103577,1.6682779456193353,-0.018083657300046685,0.26053124162043534,-0.03499259322262151,0.0001738228156717792,0.01283391851874785,0.05880060234309829,0.00923344125233716,-0.32260392609699773,641.56,262.108,379.45199999999994,-0.0031629607834897655,-0.00503780495574741,0.00923344125233726,0.05880060234309829,0.0004159667226621977,0.004396702473145139,0.21628698612202135,0.001496464138510212,0.020552608164994615,1.7007496922904777,0.009982025659458956,0.014120467951650228,0.04839167780338971,-0.0213642259727842,-0.07592426688864817,-0.021887078967425255,0.18360376440957205,0.01971753227877282,-0.03243286842062876,32.11207884483154,0.20949221048027367,,0.009923016505455799,0.003656048020099623,0.020736727866323447,0.08162834954792655,2.1934246575342464,1.0654534669728817,0.058578638781431325,0.27110464606944656,-3.406919117071448,0.000557862834917602,0.15000000000000013,0.15288788221970556,-1.0,0.05147058823529412
2013-10-31,0.0012840804715269882,3.6385152964129786,0.0,0.04094998632895417,-0.10247027416261034,0,0,0,0,0,0,0,0,0,0,0,0,0,0,0,0,0,0,0,0,0,0,0,0,0,0,0,0,0,0,0,0,0,0,0,0,0,0,0,0,0,0,0,0,0,0,0,0,0,0,0,0,0,0,0,0,0,0,0,0,0,0,1,0,0,0,0,0,0,0,0,0,0,0,0,0,0,0,0,0,0,0,0,0,0,0,0.34204043406559204,0.8778404154353485,0.12126188698583355,0.0016769013803415334,12.688088140665947,13.22157272737302,0.06189883761495333,-0.131651270190926,0.1058240519303823,-0.038774863733051584,-0.15296141117934095,-0.06639865480820073,0.4630195889638471,0.19381679321856568,-0.077546,0.03700672562909574,-0.02747397700075509,0.054961558073974334,-0.012072581234269249,0.17575950131250329,-0.0007544287031879439,0.1923781172106651,0.5936038008896288,0.11456711775513462,,0.024547120242899595,-0.39721955159521194,-0.007659598602406798,-0.004638743658667271,0.09540490916119056,0.008059944839265849,0.040771094119631236,0.6196596414405604,-0.0656248890733494,1.797077501296008,0.07720509404016429,0.24441135358126928,-0.04521730305115304,0.00017735963387336936,0.014355897868591622,0.06292044559199517,-0.05021865940873349,1.7553444180522564,593.248,241.137,352.11100000000005,-0.07205390932186384,-0.010136136079612878,-0.050218659408733525,0.06292044559199517,0.00015992067934300636,-0.018411089625332475,-0.48650223344338706,-0.11886849957827439,-0.10857951869631419,1.8071620658372212,0.019464468002082368,-0.03358470763733701,0.04439537502726991,0.06256792168131042,0.4637434340349422,0.01211920041997594,0.6773606808775472,0.09671836510738019,0.05925467811981111,107.54820717131474,2.349151192951331,,0.006309582030945445,0.003878232626085266,0.013121974516659689,-0.0109011161384813,1.7583538515652481,1.1843580811315955,-0.036629670604189535,0.2702505190228788,59.42382724525558,0.0011770308122944963,-0.75,0.05096262740656852,0.0,2.6086956521739126
2013-11-29,0.00024397011467058413,1.7782684910750213,0.0,0.030820142339886364,0.0094192950625097,0,0,0,0,0,0,0,0,0,0,0,0,0,0,0,0,0,0,0,0,0,0,0,0,0,0,0,0,0,0,0,0,0,0,0,0,0,0,0,0,0,0,0,0,0,0,0,0,0,0,0,0,0,0,0,0,0,0,0,0,0,0,1,0,0,0,0,0,0,0,0,0,0,0,0,0,0,0,0,0,0,0,0,0,0,0,0.6840808681311841,0.7911105254607695,0.12303958814786957,0.0009498811738508561,12.925640510287092,13.119102205559276,-0.10247027416261034,0.06189883761495333,-0.131651270190926,0.1058240519303823,-0.22626549587048048,-0.16280341167607332,0.33113056854686074,0.19381679321856568,0.002519,0.04094998632895417,0.03700672562909574,-0.02747397700075509,0.054961558073974334,0.19386892051232618,0.0005564846913428696,0.1923781172106651,0.5936038008896288,0.11456711775513462,,0.024547120242899595,-0.39721955159521194,-0.007659598602406798,-0.004638743658667271,0.09540490916119056,0.008059944839265849,0.040771094119631236,0.6196596414405604,-0.0656248890733494,1.797077501296008,0.07720509404016429,0.24441135358126928,-0.04521730305115304,0.00017735963387336936,0.014355897868591622,0.06292044559199517,-0.05021865940873349,1.7553444180522564,593.248,241.137,352.11100000000005,-0.07205390932186384,-0.010136136079612878,-0.050218659408733525,0.06292044559199517,0.00015992067934300636,-0.018411089625332475,-0.48650223344338706,-0.11886849957827439,-0.10857951869631419,1.8071620658372212,0.019464468002082368,-0.03358470763733701,0.04439537502726991,0.06256792168131042,0.4637434340349422,0.01211920041997594,0.6773606808775472,0.09671836510738019,0.05925467811981111,107.54820717131474,2.349151192951331,,0.006309582030945445,0.003878232626085266,0.013121974516659689,-0.0109011161384813,1.7583538515652481,1.1843580811315955,-0.036629670604189535,0.2702505190228788,59.42382724525558,0.0011770308122944963,1.1500000000000001,0.20460358056265984,1.0,0.12422360248447205
2013-12-31,0.0005919477836587653,1.5578435761335296,0.0,0.0277124385665358,-0.017745320740695607,0,0,0,0,0,0,0,0,0,0,0,0,0,0,0,0,0,0,0,0,0,0,0,0,0,0,0,0,0,0,0,0,0,0,0,0,0,0,0,0,0,0,0,0,0,0,0,0,0,0,0,0,0,0,0,0,0,0,0,0,0,0,1,0,0,0,0,0,0,0,0,0,0,0,0,0,0,0,0,0,0,0,0,0,0,0,0.34204043406559204,0.78566510584159,0.12273305636256623,0.0007679792513040208,12.576154145127063,13.118118540819692,0.0094192950625097,-0.10247027416261034,0.06189883761495333,-0.131651270190926,-0.1498084017123798,-0.04889746222584293,0.4691423860669398,0.19381679321856568,0.006435,0.030820142339886364,0.04094998632895417,0.03700672562909574,-0.02747397700075509,0.19251422080177183,0.00024568150616418726,0.1923781172106651,0.5936038008896288,0.11456711775513462,,0.024547120242899595,-0.39721955159521194,-0.007659598602406798,-0.004638743658667271,0.09540490916119056,0.008059944839265849,0.040771094119631236,0.6196596414405604,-0.0656248890733494,1.797077501296008,0.07720509404016429,0.24441135358126928,-0.04521730305115304,0.00017735963387336936,0.014355897868591622,0.06292044559199517,-0.05021865940873349,1.7553444180522564,593.248,241.137,352.11100000000005,-0.07205390932186384,-0.010136136079612878,-0.050218659408733525,0.06292044559199517,0.00015992067934300636,-0.018411089625332475,-0.48650223344338706,-0.11886849957827439,-0.10857951869631419,1.8071620658372212,0.019464468002082368,-0.03358470763733701,0.04439537502726991,0.06256792168131042,0.4637434340349422,0.01211920041997594,0.6773606808775472,0.09671836510738019,0.05925467811981111,107.54820717131474,2.349151192951331,,0.006309582030945445,0.003878232626085266,0.013121974516659689,-0.0109011161384813,1.7583538515652481,1.1843580811315955,-0.036629670604189535,0.2702505190228788,59.42382724525558,0.0011770308122944963,1.1500000000000001,0.20460358056265984,1.0,0.12422360248447205
2014-01-31,0.001346879676542474,3.5595062991622433,0.0,-0.033763630152809115,-0.1324360597075746,0,0,0,0,0,0,0,0,0,0,0,0,0,0,0,0,0,0,0,0,0,0,0,0,0,0,0,0,0,0,0,0,0,0,0,0,0,0,0,0,0,0,0,0,0,0,0,0,0,0,0,0,0,0,0,0,0,0,0,0,0,0,1,0,0,0,0,0,0,0,0,0,0,0,0,0,0,0,0,0,0,0,0,0,0,0,0.34204043406559204,0.8723264908749254,0.11414075279428303,0.0011399827210956809,11.230189667177308,13.100374095520621,-0.017745320740695607,0.0094192950625097,-0.10247027416261034,0.06189883761495333,-0.31362758365160476,-0.24323235954837086,0.511813435555031,0.187647556283446,0.001462,0.0277124385665358,0.030820142339886364,0.04094998632895417,0.03700672562909574,0.1890196716186986,0.00043461186611073804,0.1923781172106651,0.5936038008896288,0.11456711775513462,,0.024547120242899595,-0.39721955159521194,-0.007659598602406798,-0.004638743658667271,0.09540490916119056,0.008059944839265849,0.040771094119631236,0.6196596414405604,-0.0656248890733494,1.797077501296008,0.07720509404016429,0.24441135358126928,-0.04521730305115304,0.00017735963387336936,0.014355897868591622,0.06292044559199517,-0.05021865940873349,1.7553444180522564,593.248,241.137,352.11100000000005,-0.07205390932186384,-0.010136136079612878,-0.050218659408733525,0.06292044559199517,0.00015992067934300636,-0.018411089625332475,-0.48650223344338706,-0.11886849957827439,-0.10857951869631419,1.8071620658372212,0.019464468002082368,-0.03358470763733701,0.04439537502726991,0.06256792168131042,0.4637434340349422,0.01211920041997594,0.6773606808775472,0.09671836510738019,0.05925467811981111,107.54820717131474,2.349151192951331,,0.006309582030945445,0.003878232626085266,0.013121974516659689,-0.0109011161384813,1.7583538515652481,1.1843580811315955,-0.036629670604189535,0.2702505190228788,59.42382724525558,0.0011770308122944963,1.05,0.1918158567774936,1.0,0.06622516556291391
2014-02-28,0.0002872496702322057,3.1719639317004544,0.0,0.04545126290391736,0.16455136319710814,0,0,0,0,0,0,0,0,0,0,0,0,0,0,0,0,0,0,0,0,0,0,0,0,0,0,0,0,0,0,0,0,0,0,0,0,0,0,0,0,0,0,0,0,0,0,0,0,0,0,0,0,0,0,0,0,0,0,0,0,0,0,1,0,0,0,0,0,0,0,0,0,0,0,0,0,0,0,0,0,0,0,0,0,0,0,0.34204043406559204,0.9124227974909167,0.11409807947423632,0.002065817299561014,10.620298859653127,12.967938193237535,-0.1324360597075746,-0.017745320740695607,0.0094192950625097,-0.10247027416261034,-0.22795594194368365,0.023789277811347626,0.39457414381775535,0.10135583531041276,0.0004584999999999,-0.033763630152809115,0.0277124385665358,0.030820142339886364,0.04094998632895417,0.2164514884222558,-0.00034230813811720684,1.674702766600741,0.7131956249173004,0.12945636698875043,,0.03174909802010211,-1.2757893787959018,0.025098608971665954,5.980721654296773e-05,0.09700081059173196,0.013759072631149052,0.0483227722541194,0.6875082086537416,-0.016706653146268624,1.6899597424082136,-0.059606644015377075,0.31093583515527645,-0.07707545628530085,0.00019215701861807432,0.014115064813636483,0.12171895972420721,0.023174315568895265,0.6911357340720223,596.789,238.02100000000002,358.768,0.018905969992417004,-0.01142874500078601,0.023174315568895237,0.12171895972420721,0.0007195279896388129,0.015002069930805172,-0.3701673398730526,-0.00019701227893953945,0.04657733378487525,1.6990904766300066,0.03293881940700236,0.06480583264696005,0.05775601720508829,-0.05980182477831464,0.016727665741445907,-0.021621658832053914,0.09454562041368564,0.07343349098197782,-0.030460326034859708,117.42206790123457,0.09180869667303382,,0.010050611260445754,0.003479717322432263,0.020542387358530857,-0.011583038720817364,1.7147509211578984,1.2668703484790462,0.127477347321316,0.2875385931592214,1.4015523875770666,-0.0008172897315799851,-0.67,0.09389140271493213,0.0,0.17857142857142858
2014-03-31,0.00040542161928384685,3.24897944831086,0.0,0.004290781417156246,0.10109556570163852,0,0,0,0,0,0,0,0,0,0,0,0,0,0,0,0,0,0,0,0,0,0,0,0,0,0,0,0,0,0,0,0,0,0,0,0,0,0,0,0,0,0,0,0,0,0,0,0,0,0,0,0,0,0,0,0,0,0,0,0,0,0,1,0,0,0,0,0,0,0,0,0,0,0,0,0,0,0,0,0,0,0,0,0,0,0,0.34204043406559204,1.0174631868748607,0.11640026756319227,1.8410805169813362e-05,10.8684459928009,13.121880300741584,0.16455136319710814,-0.1324360597075746,-0.017745320740695607,0.0094192950625097,-0.3544257206615559,0.11546554845047645,0.761291703021826,0.1331778654796386,0.0440175,0.04545126290391736,-0.033763630152809115,0.0277124385665358,0.030820142339886364,0.23373937561895353,-0.00026531324898022813,1.674702766600741,0.7131956249173004,0.12945636698875043,,0.03174909802010211,-1.2757893787959018,0.025098608971665954,5.980721654296773e-05,0.09700081059173196,0.013759072631149052,0.0483227722541194,0.6875082086537416,-0.016706653146268624,1.6899597424082136,-0.059606644015377075,0.31093583515527645,-0.07707545628530085,0.00019215701861807432,0.014115064813636483,0.12171895972420721,0.023174315568895265,0.6911357340720223,596.789,238.02100000000002,358.768,0.018905969992417004,-0.01142874500078601,0.023174315568895237,0.12171895972420721,0.0007195279896388129,0.015002069930805172,-0.3701673398730526,-0.00019701227893953945,0.04657733378487525,1.6990904766300066,0.03293881940700236,0.06480583264696005,0.05775601720508829,-0.05980182477831464,0.016727665741445907,-0.021621658832053914,0.09454562041368564,0.07343349098197782,-0.030460326034859708,117.42206790123457,0.09180869667303382,,0.010050611260445754,0.003479717322432263,0.020542387358530857,-0.011583038720817364,1.7147509211578984,1.2668703484790462,0.127477347321316,0.2875385931592214,1.4015523875770666,-0.0008172897315799851,-0.67,0.09389140271493213,0.0,0.17857142857142858
2014-04-30,0.0010447234223157425,2.2937453707118722,0.0,-0.0019018072895963312,-0.09485920137524148,0,0,0,0,0,0,0,0,0,0,0,0,0,0,0,0,0,0,0,0,0,0,0,0,0,0,0,0,0,0,0,0,0,0,0,0,0,0,0,0,0,0,0,0,0,0,0,0,0,0,0,0,0,0,0,0,0,0,0,0,0,0,1,0,0,0,0,0,0,0,0,0,0,0,0,0,0,0,0,0,0,0,0,0,0,0,0.34204043406559204,1.0283148527187989,0.11768070329530683,3.6168709667617435e-06,9.911469807649196,13.223312103414198,0.10109556570163852,0.16455136319710814,-0.1324360597075746,-0.017745320740695607,-0.28073079718526184,0.03835166781593058,1.241285111165145,0.1331778654796386,-0.000602,0.004290781417156246,0.04545126290391736,-0.033763630152809115,0.0277124385665358,0.18900160629333307,-0.0006580872164377403,1.674702766600741,0.7131956249173004,0.12945636698875043,,0.03174909802010211,-1.2757893787959018,0.025098608971665954,5.980721654296773e-05,0.09700081059173196,0.013759072631149052,0.0483227722541194,0.6875082086537416,-0.016706653146268624,1.6899597424082136,-0.059606644015377075,0.31093583515527645,-0.07707545628530085,0.00019215701861807432,0.014115064813636483,0.12171895972420721,0.023174315568895265,0.6911357340720223,596.789,238.02100000000002,358.768,0.018905969992417004,-0.01142874500078601,0.023174315568895237,0.12171895972420721,0.0007195279896388129,0.015002069930805172,-0.3701673398730526,-0.00019701227893953945,0.04657733378487525,1.6990904766300066,0.03293881940700236,0.06480583264696005,0.05775601720508829,-0.05980182477831464,0.016727665741445907,-0.021621658832053914,0.09454562041368564,0.07343349098197782,-0.030460326034859708,117.42206790123457,0.09180869667303382,,0.010050611260445754,0.003479717322432263,0.020542387358530857,-0.011583038720817364,1.7147509211578984,1.2668703484790462,0.127477347321316,0.2875385931592214,1.4015523875770666,-0.0008172897315799851,-0.67,0.09389140271493213,0.0,0.17857142857142858
2014-05-30,0.0008747616795425709,2.661775960856064,0.0,0.02039068964773398,-0.11219993447565074,0,0,0,0,0,0,0,0,0,0,0,0,0,0,0,0,0,0,0,0,0,0,0,0,0,0,0,0,0,0,0,0,0,0,0,0,0,0,0,0,0,0,0,0,0,0,0,0,0,0,0,0,0,0,0,0,0,0,0,0,0,0,1,0,0,0,0,0,0,0,0,0,0,0,0,0,0,0,0,0,0,0,0,0,0,0,0.3420404340656224,1.1492842580595186,0.11823581100330145,0.00041578022431020575,10.130322879677479,13.139358538039644,-0.09485920137524148,0.10109556570163852,0.16455136319710814,-0.1324360597075746,-0.050876540371402906,0.05858779304785444,1.1361577196163346,0.1331778654796386,-0.053776,-0.0019018072895963312,0.004290781417156246,0.04545126290391736,-0.033763630152809115,0.2159561506295441,-0.0003544853053228418,-0.02890520745950842,0.6237152333245476,0.12638662145757462,,0.01760860135093264,-0.423638320775029,-0.02908092786279399,5.083032836392127e-05,0.09733952167186588,0.0033244199238594324,0.03161496923270125,0.5815302364370695,-0.04084022325116954,1.6954339045706595,0.0032392263703542312,0.23915462505912785,-0.0072463118111743005,0.00018024953799020612,0.017780801088831146,0.012058004406757356,-0.024278812491247526,-0.8001567398119123,584.3530000000001,227.80200000000002,356.55100000000004,-0.006179480890157185,-0.003906367553193693,-0.024278812491247567,0.012058004406757356,0.003115712779215851,-0.036835007195220267,-0.6248224936097699,0.002714664146011294,0.03199355602606782,1.7054742943203343,0.009688566900049956,-0.008313899855036722,0.024113747443089053,0.003757197028724013,0.0034918376255588246,0.06506066528558496,-0.15426172483278344,-0.04504065117213518,-0.024680982876891577,99.79473684210527,-0.1501194057828713,,0.0026913247444335527,0.004181502025827977,0.00528571510425321,0.0006756951064754944,1.5700091082222407,1.2046597324329722,-0.1278231556259405,0.27677536134383424,-3.0194710223610186,-0.0009009268086339926,0.17000000000000004,0.13908205841446453,-1.0,0.0
2014-06-30,0.0002403065471222174,4.597043644472762,0.0,0.025765207886026424,0.011189038828037777,0,0,0,0,0,0,0,0,0,0,0,0,0,0,0,0,0,0,0,0,0,0,0,0,0,0,0,0,0,0,0,0,0,0,0,0,0,0,0,0,0,0,0,0,0,0,0,0,0,0,0,0,0,0,0,0,0,0,0,0,0,0,1,0,0,0,0,0,0,0,0,0,0,0,0,0,0,0,0,0,0,0,0,0,0,0,0.3420404340656224,1.7058763338825473,0.11419739347996939,0.0006638459374101582,1.37899971757608,13.008894074211094,-0.11219993447565074,-0.09485920137524148,0.10109556570163852,0.16455136319710814,-0.06789652627888429,-0.09477453132121592,0.6847703868156907,0.12382366027637631,-0.0020775,0.02039068964773398,-0.0019018072895963312,0.004290781417156246,0.04545126290391736,0.19404643682299416,-0.0005667929724962103,-0.02890520745950842,0.6237152333245476,0.12638662145757462,,0.01760860135093264,-0.423638320775029,-0.02908092786279399,5.083032836392127e-05,0.09733952167186588,0.0033244199238594324,0.03161496923270125,0.5815302364370695,-0.04084022325116954,1.6954339045706595,0.0032392263703542312,0.23915462505912785,-0.0072463118111743005,0.00018024953799020612,0.017780801088831146,0.012058004406757356,-0.024278812491247526,-0.8001567398119123,584.3530000000001,227.80200000000002,356.55100000000004,-0.006179480890157185,-0.003906367553193693,-0.024278812491247567,0.012058004406757356,0.003115712779215851,-0.036835007195220267,-0.6248224936097699,0.002714664146011294,0.03199355602606782,1.7054742943203343,0.009688566900049956,-0.008313899855036722,0.024113747443089053,0.003757197028724013,0.0034918376255588246,0.06506066528558496,-0.15426172483278344,-0.04504065117213518,-0.024680982876891577,99.79473684210527,-0.1501194057828713,,0.0026913247444335527,0.004181502025827977,0.00528571510425321,0.0006756951064754944,1.5700091082222407,1.2046597324329722,-0.1278231556259405,0.27677536134383424,-3.0194710223610186,-0.0009009268086339926,0.17000000000000004,0.13908205841446453,-1.0,0.0
2014-07-31,0.0007746369685815222,2.1556546670914303,0.0,-0.02061095390412435,-0.09170003629169977,0,0,0,0,0,0,0,0,0,0,0,0,0,0,0,0,0,0,0,0,0,0,0,0,0,0,0,0,0,0,0,0,0,0,0,0,0,0,0,0,0,0,0,0,0,0,0,0,0,0,0,0,0,0,0,0,0,0,0,0,0,0,1,0,0,0,0,0,0,0,0,0,0,0,0,0,0,0,0,0,0,0,0,0,0,0,0.3420404340656224,2.1600978938492825,0.1116479014874635,0.00042481142083793875,40.409799573300525,13.0200830021289,0.011189038828037777,-0.11219993447565074,-0.09485920137524148,0.10109556570163852,0.1064602917454214,-0.2875701333145542,0.44004670056847145,0.12382366027637631,0.0002179999999999,0.025765207886026424,0.02039068964773398,-0.0019018072895963312,0.004290781417156246,0.19424180015553882,-0.0005439380427313691,-0.292117024737765,0.7705704838072241,0.11625769232510857,,0.029511505343009174,-1.8108828646360773,0.011445847691585496,0.00022339251725631712,0.09718858586922187,0.012539675046900874,0.04307702060795972,0.7032050448422961,-0.020530457953770953,1.6624465836336817,-0.019456565571827067,0.3121237902839563,-0.009326637595451248,0.00017830345107620234,0.017954064025541745,0.026285045299659526,-0.009539656626181947,-0.6952056952056952,585.4889999999999,224.23899999999998,361.24999999999994,0.013179040305594247,-0.0016516092784578092,-0.009539656626181931,0.026285045299659526,-0.0041254519679521096,0.027025871285011757,-0.21506996770721198,0.002595336765875498,0.03517510537249249,1.6736088933497575,0.023998228562349948,0.0007077815526126408,0.042406226166539565,-0.01868418719455156,-0.0015506117150730914,-0.055420532871980566,-0.0549889029452344,0.01391133947240708,-0.031634383675554156,94.93234100135318,-0.048723970768572156,,0.008427369440806586,0.004220832783241591,0.016284753518685434,0.0004560286295218798,1.8216873101191866,1.2207238559248303,0.05713230917597767,0.27219272736603617,-3.6327991495231258,-0.00022245299001065943,0.17000000000000004,0.13908205841446453,-1.0,0.0
2014-08-29,0.00095566524103962,2.031123676392423,0.0,0.04152574682849831,0.07833083743708308,0,0,0,0,0,0,0,0,0,0,0,0,0,0,0,0,0,0,0,0,0,0,0,0,0,0,0,0,0,0,0,0,0,0,0,0,0,0,0,0,0,0,0,0,0,0,0,0,0,0,0,0,0,0,0,0,0,0,0,0,0,0,1,0,0,0,0,0,0,0,0,0,0,0,0,0,0,0,0,0,0,0,0,0,0,0,0.34204043406559204,2.241914754454275,0.11050916230455622,0.0017243876496645372,43.725600392831446,12.928382433351942,-0.09170003629169977,0.011189038828037777,-0.11219993447565074,-0.09485920137524148,0.20141894202560612,-0.11438009450222965,0.13054861859136294,0.10918192217123333,-0.000497,-0.02061095390412435,0.025765207886026424,0.02039068964773398,-0.0019018072895963312,0.2030568304866972,-0.0005486127013906092,-0.292117024737765,0.7705704838072241,0.11625769232510857,,0.029511505343009174,-1.8108828646360773,0.011445847691585496,0.00022339251725631712,0.09718858586922187,0.012539675046900874,0.04307702060795972,0.7032050448422961,-0.020530457953770953,1.6624465836336817,-0.019456565571827067,0.3121237902839563,-0.009326637595451248,0.00017830345107620234,0.017954064025541745,0.026285045299659526,-0.009539656626181947,-0.6952056952056952,585.4889999999999,224.23899999999998,361.24999999999994,0.013179040305594247,-0.0016516092784578092,-0.009539656626181931,0.026285045299659526,-0.0041254519679521096,0.027025871285011757,-0.21506996770721198,0.002595336765875498,0.03517510537249249,1.6736088933497575,0.023998228562349948,0.0007077815526126408,0.042406226166539565,-0.01868418719455156,-0.0015506117150730914,-0.055420532871980566,-0.0549889029452344,0.01391133947240708,-0.031634383675554156,94.93234100135318,-0.048723970768572156,,0.008427369440806586,0.004220832783241591,0.016284753518685434,0.0004560286295218798,1.8216873101191866,1.2207238559248303,0.05713230917597767,0.27219272736603617,-3.6327991495231258,-0.00022245299001065943,0.25,0.19623233908948196,0.0,0.05555555555555556
2014-09-30,0.0005389878006253248,2.9037915146861204,0.0,-0.019896631714456645,-0.09573781493515438,0,0,0,0,0,0,0,0,0,0,0,0,0,0,0,0,0,0,0,0,0,0,0,0,0,0,0,0,0,0,0,0,0,0,0,0,0,0,0,0,0,0,0,0,0,0,0,0,0,0,0,0,0,0,0,0,0,0,0,0,0,0,1,0,0,0,0,0,0,0,0,0,0,0,0,0,0,0,0,0,0,0,0,0,0,0,0.34204043406559204,2.27801491217538,0.11052518393273686,0.00039587595358072194,45.69082977666713,12.99038752857969,0.07833083743708308,-0.09170003629169977,0.011189038828037777,-0.11219993447565074,0.1338608682973158,-0.0979179749617333,0.19840966197171936,0.11465925544527657,0.008332,0.04152574682849831,-0.02061095390412435,0.025765207886026424,0.02039068964773398,0.21160888128219024,-0.0005942838332625757,-0.292117024737765,0.7705704838072241,0.11625769232510857,,0.029511505343009174,-1.8108828646360773,0.011445847691585496,0.00022339251725631712,0.09718858586922187,0.012539675046900874,0.04307702060795972,0.7032050448422961,-0.020530457953770953,1.6624465836336817,-0.019456565571827067,0.3121237902839563,-0.009326637595451248,0.00017830345107620234,0.017954064025541745,0.026285045299659526,-0.009539656626181947,-0.6952056952056952,585.4889999999999,224.23899999999998,361.24999999999994,0.013179040305594247,-0.0016516092784578092,-0.009539656626181931,0.026285045299659526,-0.0041254519679521096,0.027025871285011757,-0.21506996770721198,0.002595336765875498,0.03517510537249249,1.6736088933497575,0.023998228562349948,0.0007077815526126408,0.042406226166539565,-0.01868418719455156,-0.0015506117150730914,-0.055420532871980566,-0.0549889029452344,0.01391133947240708,-0.031634383675554156,94.93234100135318,-0.048723970768572156,,0.008427369440806586,0.004220832783241591,0.016284753518685434,0.0004560286295218798,1.8216873101191866,1.2207238559248303,0.05713230917597767,0.27219272736603617,-3.6327991495231258,-0.00022245299001065943,0.25,0.19623233908948196,0.0,0.05555555555555556
2014-10-31,0.0017053705807823477,4.130149740833174,0.0,0.024887715507778883,0.02173981339723669,0,0,0,0,0,0,0,0,0,0,0,0,0,0,0,0,0,0,0,0,0,0,0,0,0,0,0,0,0,0,0,0,0,0,0,0,0,0,0,0,0,0,0,0,0,0,0,0,0,0,0,0,0,0,0,0,0,0,0,0,0,0,1,0,0,0,0,0,0,0,0,0,0,0,0,0,0,0,0,0,0,0,0,0,0,0,0.6840808681312144,2.303829924283381,0.11051750498774028,0.0006193983831961375,48.113099545659715,12.894649297117263,-0.09573781493515438,0.07833083743708308,-0.09170003629169977,0.011189038828037777,-0.053792979454941006,-0.08736720039253437,-0.142007511868671,0.11465925544527657,-0.010787,-0.019896631714456645,0.04152574682849831,-0.02061095390412435,0.025765207886026424,0.26995021606575587,-0.0004603560040301141,0.47758769145183333,0.8705378024853027,0.10485733669164606,,0.034040874672132806,-2.6246180503911716,-0.009652289865017651,0.00011229033289404948,0.10211619640079982,0.016219271207511855,0.04171117990626877,0.7493555934493646,-0.06168660673048332,1.692582261524244,0.01812730597616774,0.3388387653617909,-0.018005442961969445,0.0001769962677986075,0.01784224040281883,0.0453861693524845,-0.03217456012051112,1.6721568627450982,573.961,209.33299999999997,364.62800000000004,0.009350865051903412,-0.002800224410881718,-0.032174560120511085,0.0453861693524845,-0.006125843703016498,0.005838011944438233,0.5355521936459906,-0.0033448501232432102,-0.006627594943644625,1.705638973437222,0.040810920106876404,-0.0052425396293847015,0.04104250325493582,0.01913833047538116,0.050701535447882806,0.004788002092774302,-0.0931557934095717,0.0174269819182975,0.051994424220209945,86.52967741935484,-0.08851212867360525,,0.009690405140442952,0.004080455667904937,0.018533647808728137,-0.002152464029408125,1.9948389207841273,1.2433923257344692,-0.04410947188368608,0.2564985144924711,-3.415724442920808,-0.0006315915579249165,0.25,0.19623233908948196,0.0,0.05555555555555556
2014-11-28,0.0006023009833239126,2.7894851999383596,0.0,0.025180298530298326,-0.0483986304409852,0,0,0,0,0,0,0,0,0,0,0,0,0,0,0,0,0,0,0,0,0,0,0,0,0,0,0,0,0,0,0,0,0,0,0,0,0,0,0,0,0,0,0,0,0,0,0,0,0,0,0,0,0,0,0,0,0,0,0,0,0,0,1,0,0,0,0,0,0,0,0,0,0,0,0,0,0,0,0,0,0,0,0,0,0,0,0.34204043406559204,2.4852771176243573,0.10722328914631149,0.0006340474340749441,52.39655249981958,12.91638928375367,0.02173981339723669,-0.09573781493515438,0.07833083743708308,-0.09170003629169977,-0.07736964571945822,-0.0440657945418198,-0.07178969753126246,0.11465925544527657,-0.0248445,0.024887715507778883,-0.019896631714456645,0.04152574682849831,-0.02061095390412435,0.3029888978533388,-0.000741332814085438,0.47758769145183333,0.8705378024853027,0.10485733669164606,,0.034040874672132806,-2.6246180503911716,-0.009652289865017651,0.00011229033289404948,0.10211619640079982,0.016219271207511855,0.04171117990626877,0.7493555934493646,-0.06168660673048332,1.692582261524244,0.01812730597616774,0.3388387653617909,-0.018005442961969445,0.0001769962677986075,0.01784224040281883,0.0453861693524845,-0.03217456012051112,1.6721568627450982,573.961,209.33299999999997,364.62800000000004,0.009350865051903412,-0.002800224410881718,-0.032174560120511085,0.0453861693524845,-0.006125843703016498,0.005838011944438233,0.5355521936459906,-0.0033448501232432102,-0.006627594943644625,1.705638973437222,0.040810920106876404,-0.0052425396293847015,0.04104250325493582,0.01913833047538116,0.050701535447882806,0.004788002092774302,-0.0931557934095717,0.0174269819182975,0.051994424220209945,86.52967741935484,-0.08851212867360525,,0.009690405140442952,0.004080455667904937,0.018533647808728137,-0.002152464029408125,1.9948389207841273,1.2433923257344692,-0.04410947188368608,0.2564985144924711,-3.415724442920808,-0.0006315915579249165,-0.050000000000000044,0.15503875968992248,0.0,0.0
2014-12-31,0.0014112926463594661,1.8279338789714508,0.0,-0.0006001800720324606,0.23484045479732757,0,0,0,0,0,0,0,0,0,0,0,0,0,0,0,0,0,0,0,0,0,0,0,0,0,0,0,0,0,0,0,0,0,0,0,0,0,0,0,0,0,0,0,0,0,0,0,0,0,0,0,0,0,0,0,0,0,0,0,0,0,0,1,0,0,0,0,0,0,0,0,0,0,0,0,0,0,0,0,0,0,0,0,0,0,0,0.34204043406559204,2.4522534814388237,0.1079246767026806,3.6021611886488955e-07,53.06859895603284,12.84754793372761,-0.0483986304409852,0.02173981339723669,-0.09573781493515438,0.07833083743708308,-0.21362075704771671,0.11244382281842469,-0.1527082952114904,0.11465925544527657,0.005257,0.025180298530298326,0.024887715507778883,-0.019896631714456645,0.04152574682849831,0.4047627334517532,-0.0005342735496575871,0.47758769145183333,0.8705378024853027,0.10485733669164606,,0.034040874672132806,-2.6246180503911716,-0.009652289865017651,0.00011229033289404948,0.10211619640079982,0.016219271207511855,0.04171117990626877,0.7493555934493646,-0.06168660673048332,1.692582261524244,0.01812730597616774,0.3388387653617909,-0.018005442961969445,0.0001769962677986075,0.01784224040281883,0.0453861693524845,-0.03217456012051112,1.6721568627450982,573.961,209.33299999999997,364.62800000000004,0.009350865051903412,-0.002800224410881718,-0.032174560120511085,0.0453861693524845,-0.006125843703016498,0.005838011944438233,0.5355521936459906,-0.0033448501232432102,-0.006627594943644625,1.705638973437222,0.040810920106876404,-0.0052425396293847015,0.04104250325493582,0.01913833047538116,0.050701535447882806,0.004788002092774302,-0.0931557934095717,0.0174269819182975,0.051994424220209945,86.52967741935484,-0.08851212867360525,,0.009690405140442952,0.004080455667904937,0.018533647808728137,-0.002152464029408125,1.9948389207841273,1.2433923257344692,-0.04410947188368608,0.2564985144924711,-3.415724442920808,-0.0006315915579249165,-0.050000000000000044,0.15503875968992248,0.0,0.0
2015-01-30,0.00154295094686636,1.843255783978862,0.0,-0.03159387159117863,-0.06264884762363698,0,0,0,0,0,0,0,0,0,0,0,0,0,0,0,0,0,0,0,0,0,0,0,0,0,0,0,0,0,0,0,0,0,0,0,0,0,0,0,0,0,0,0,0,0,0,0,0,0,0,0,0,0,0,0,0,0,0,0,0,0,0,1,0,0,0,0,0,0,0,0,0,0,0,0,0,0,0,0,0,0,0,0,0,0,0,0.34204043406559204,2.269319669496198,0.1181359837474305,0.0009981727221198841,44.25912673906902,13.08238752480501,0.23484045479732757,-0.0483986304409852,0.02173981339723669,-0.09573781493515438,-0.13418969516851093,0.14553279012994208,0.13732633561866248,0.1668291278986914,-0.0120354999999999,-0.0006001800720324606,0.025180298530298326,0.024887715507778883,-0.019896631714456645,0.3403795769585761,0.0011604830241432455,0.47758769145183333,0.8705378024853027,0.10485733669164606,,0.034040874672132806,-2.6246180503911716,-0.009652289865017651,0.00011229033289404948,0.10211619640079982,0.016219271207511855,0.04171117990626877,0.7493555934493646,-0.06168660673048332,1.692582261524244,0.01812730597616774,0.3388387653617909,-0.018005442961969445,0.0001769962677986075,0.01784224040281883,0.0453861693524845,-0.03217456012051112,1.6721568627450982,573.961,209.33299999999997,364.62800000000004,0.009350865051903412,-0.002800224410881718,-0.032174560120511085,0.0453861693524845,-0.006125843703016498,0.005838011944438233,0.5355521936459906,-0.0033448501232432102,-0.006627594943644625,1.705638973437222,0.040810920106876404,-0.0052425396293847015,0.04104250325493582,0.01913833047538116,0.050701535447882806,0.004788002092774302,-0.0931557934095717,0.0174269819182975,0.051994424220209945,86.52967741935484,-0.08851212867360525,,0.009690405140442952,0.004080455667904937,0.018533647808728137,-0.002152464029408125,1.9948389207841273,1.2433923257344692,-0.04410947188368608,0.2564985144924711,-3.415724442920808,-0.0006315915579249165,-0.050000000000000044,0.15503875968992248,0.0,0.0
2015-02-27,0.00044660009908154284,1.490165624798608,0.0,0.059588791411657446,0.07472078716668931,0,0,0,0,0,0,0,0,0,0,0,0,0,0,0,0,0,0,0,0,0,0,0,0,0,0,0,0,0,0,0,0,0,0,0,0,0,0,0,0,0,0,0,0,0,0,0,0,0,0,0,0,0,0,0,0,0,0,0,0,0,0,1,0,0,0,0,0,0,0,0,0,0,0,0,0,0,0,0,0,0,0,0,0,0,0,0.34204043406559204,2.9394968340887546,0.11215621787340997,0.00355082406190202,34.32163128145311,13.019742128748803,-0.06264884762363698,0.23484045479732757,-0.0483986304409852,0.02173981339723669,-0.2897114807473795,0.1985137638993947,0.17659783231929713,0.1668291278986914,-0.0173229999999999,-0.03159387159117863,-0.0006001800720324606,0.025180298530298326,0.024887715507778883,0.3440961147375081,-3.776356832376187e-05,0.09729626613119247,0.6832246305202362,0.08768400445612556,,0.043060872386693,-1.8425611023982797,0.019154850362871376,-0.0004712615439764276,0.10058786877251918,0.021100580689486413,0.04813202739806458,0.6703559742626876,0.08060644473962819,1.6517313247873562,-0.024135274051672928,0.30643422355656363,-0.02390609379804357,0.00017837787915117289,0.018128407101474647,0.05345940559063953,0.00936376609299816,1.3284415047540308,590.4499999999999,237.517,352.93299999999994,-0.03207378478888101,-0.0023671743537027,0.009363766092998082,0.05345940559063953,-0.005857834854117505,0.02504129185492568,-0.017865322950068596,-0.0021600293202536083,0.01773938353322913,1.6616694429020913,0.04493467896854154,-0.05196165778147965,0.05330822070862873,-0.025778919935514066,-0.014966554593181636,-0.01801073397893882,0.29048340919524396,-0.06913787887728495,0.07215687621353872,117.68514056224899,0.3600552327486817,,0.015734682896778672,0.0040116911331164445,0.02927903743967311,-0.011839665703556608,2.581860473312305,1.1693842531625365,0.09243146114329592,0.2576625195650797,-3.57295487521599,0.0008365776861725214,-0.7,0.06410256410256411,-1.0,1.0
2015-03-31,0.0011123392783604145,2.317405497685554,0.0,-0.011263192278710714,0.006430431612379171,0,0,0,0,0,0,0,0,0,0,0,0,0,0,0,0,0,0,0,0,0,0,0,0,0,0,0,0,0,0,0,0,0,0,0,0,0,0,0,0,0,0,0,0,0,0,0,0,0,0,0,0,0,0,0,0,0,0,0,0,0,0,1,0,0,0,0,0,0,0,0,0,0,0,0,0,0,0,0,0,0,0,0,0,0,0,0.34204043406559204,2.81070001594137,0.11249179817345868,0.00012685950030720864,21.51247440582688,13.08367868056863,0.07472078716668931,-0.06264884762363698,0.23484045479732757,-0.0483986304409852,-0.17860384880739297,0.2533428259527591,0.2681172519406757,0.13808895264534973,-0.0044485,0.059588791411657446,-0.03159387159117863,-0.0006001800720324606,0.025180298530298326,0.39028396743929605,0.0003988468441369047,0.09729626613119247,0.6832246305202362,0.08768400445612556,,0.043060872386693,-1.8425611023982797,0.019154850362871376,-0.0004712615439764276,0.10058786877251918,0.021100580689486413,0.04813202739806458,0.6703559742626876,0.08060644473962819,1.6517313247873562,-0.024135274051672928,0.30643422355656363,-0.02390609379804357,0.00017837787915117289,0.018128407101474647,0.05345940559063953,0.00936376609299816,1.3284415047540308,590.4499999999999,237.517,352.93299999999994,-0.03207378478888101,-0.0023671743537027,0.009363766092998082,0.05345940559063953,-0.005857834854117505,0.02504129185492568,-0.017865322950068596,-0.0021600293202536083,0.01773938353322913,1.6616694429020913,0.04493467896854154,-0.05196165778147965,0.05330822070862873,-0.025778919935514066,-0.014966554593181636,-0.01801073397893882,0.29048340919524396,-0.06913787887728495,0.07215687621353872,117.68514056224899,0.3600552327486817,,0.015734682896778672,0.0040116911331164445,0.02927903743967311,-0.011839665703556608,2.581860473312305,1.1693842531625365,0.09243146114329592,0.2576625195650797,-3.57295487521599,0.0008365776861725214,-0.7,0.06410256410256411,-1.0,1.0
2015-04-30,0.0013606183662887646,2.4941023205120514,0.0,0.005882663158155512,-0.13867231955523088,0,0,0,0,0,0,0,0,0,0,0,0,0,0,0,0,0,0,0,0,0,0,0,0,0,0,0,0,0,0,0,0,0,0,0,0,0,0,0,0,0,0,0,0,0,0,0,0,0,0,0,0,0,0,0,0,0,0,0,0,0,0,1,0,0,0,0,0,0,0,0,0,0,0,0,0,0,0,0,0,0,0,0,0,0,0,0.34204043406559204,2.5937145499487024,0.0940713538525147,3.460572583232018e-05,5.074227493520912,13.085652918923786,0.006430431612379171,0.07472078716668931,-0.06264884762363698,0.23484045479732757,-0.26185570560216187,-0.12016994839979939,0.3915981672084174,0.12929735980036663,-0.058338,-0.011263192278710714,0.059588791411657446,-0.03159387159117863,-0.0006001800720324606,0.3652010216998556,0.0003578879992059984,0.20640044773889987,0.6674404807003991,0.05065329793713867,,0.007743968062144141,-3.3838702872125626,-0.056793184146209284,-6.1063015505426265e-06,0.0818928797163978,-0.0008363319144672588,0.022089545859087928,0.6886199653957321,0.037822558755533864,1.38242872648036,-0.16304261732256375,0.22629609710393164,-0.03180161847522597,0.000166949917242306,0.023764275545852382,0.04228858502162664,0.01214773199587782,-0.6024361608453185,621.88,254.55200000000002,367.328,0.04078677822702903,-0.07681550356334775,0.012147731995877745,0.04228858502162664,0.0025252934034802887,-0.09598865663449664,-1.0401211203633611,0.0012160092954408102,0.0014918779207830097,1.3926278200783782,0.011019294011656482,-0.013043504879452272,0.00833241499222471,-0.16191043529923388,-0.18585729357086145,0.0760297044774253,-0.25067532844619334,-0.1350985996476155,-0.17301918623710244,88.08622078968573,-0.2515094057852364,,-0.0006242284057917272,0.005023209996285327,-0.0012366993596101337,-0.048465848469077887,3.2945058919261023,0.9901003550467357,-0.2539141948429545,0.20191126017271674,-2.931711946439544,-0.00010350642505782903,-0.75,0.057692307692307696,0.0,0.15217391304347827
2015-05-29,0.0008323115361559,13.077462137916076,0.0,0.0135083500247923,-0.06811721021224929,0,0,0,0,0,0,0,0,0,0,0,0,0,0,0,0,0,0,0,0,0,0,0,0,0,0,0,0,0,0,0,0,0,0,0,0,0,0,0,0,0,0,0,0,0,0,0,0,0,0,0,0,0,0,0,0,0,0,0,0,0,0,1,0,0,0,0,0,0,0,0,0,0,0,0,0,0,0,0,0,0,0,0,0,0,0,0.34204043406559204,2.6067491472803805,0.09554690585030468,0.00018247552039230616,13.034464036054029,12.960338843320057,-0.13867231955523088,0.006430431612379171,0.07472078716668931,-0.06264884762363698,0.047518500213952514,-0.1256383109884117,0.19697624491758806,0.12929735980036663,-0.019441,0.005882663158155512,-0.011263192278710714,0.059588791411657446,-0.03159387159117863,0.3461180258033335,0.0031329400676043885,0.20640044773889987,0.6674404807003991,0.05065329793713867,,0.007743968062144141,-3.3838702872125626,-0.056793184146209284,-6.1063015505426265e-06,0.0818928797163978,-0.0008363319144672588,0.022089545859087928,0.6886199653957321,0.037822558755533864,1.38242872648036,-0.16304261732256375,0.22629609710393164,-0.03180161847522597,0.000166949917242306,0.023764275545852382,0.04228858502162664,0.01214773199587782,-0.6024361608453185,621.88,254.55200000000002,367.328,0.04078677822702903,-0.07681550356334775,0.012147731995877745,0.04228858502162664,0.0025252934034802887,-0.09598865663449664,-1.0401211203633611,0.0012160092954408102,0.0014918779207830097,1.3926278200783782,0.011019294011656482,-0.013043504879452272,0.00833241499222471,-0.16191043529923388,-0.18585729357086145,0.0760297044774253,-0.25067532844619334,-0.1350985996476155,-0.17301918623710244,88.08622078968573,-0.2515094057852364,,-0.0006242284057917272,0.005023209996285327,-0.0012366993596101337,-0.048465848469077887,3.2945058919261023,0.9901003550467357,-0.2539141948429545,0.20191126017271674,-2.931711946439544,-0.00010350642505782903,0.14999999999999997,0.10067114093959731,1.0,1.1639344262295082
2015-06-30,0.0011602637777898064,2.904846696021032,0.0,-0.015418252728380644,-0.04910962454364311,0,0,0,0,0,0,0,0,0,0,0,0,0,0,0,0,0,0,0,0,0,0,0,0,0,0,0,0,0,0,0,0,0,0,0,0,0,0,0,0,0,0,0,0,0,0,0,0,0,0,0,0,0,0,0,0,0,0,0,0,0,0,1,0,0,0,0,0,0,0,0,0,0,0,0,0,0,0,0,0,0,0,0,0,0,0,0.3420404340656224,2.6322874886612198,0.09604736278866044,0.0002377225171962172,14.680144943815,12.869085978041422,-0.06811721021224929,-0.13867231955523088,0.006430431612379171,0.07472078716668931,-0.02990027456444888,-0.2494687226987441,0.031440837599054444,0.12929735980036663,-0.019145,0.0135083500247923,0.005882663158155512,-0.011263192278710714,0.059588791411657446,0.37994142629433536,0.002778789536267485,0.20640044773889987,0.6674404807003991,0.05065329793713867,,0.007743968062144141,-3.3838702872125626,-0.056793184146209284,-6.1063015505426265e-06,0.0818928797163978,-0.0008363319144672588,0.022089545859087928,0.6886199653957321,0.037822558755533864,1.38242872648036,-0.16304261732256375,0.22629609710393164,-0.03180161847522597,0.000166949917242306,0.023764275545852382,0.04228858502162664,0.01214773199587782,-0.6024361608453185,621.88,254.55200000000002,367.328,0.04078677822702903,-0.07681550356334775,0.012147731995877745,0.04228858502162664,0.0025252934034802887,-0.09598865663449664,-1.0401211203633611,0.0012160092954408102,0.0014918779207830097,1.3926278200783782,0.011019294011656482,-0.013043504879452272,0.00833241499222471,-0.16191043529923388,-0.18585729357086145,0.0760297044774253,-0.25067532844619334,-0.1350985996476155,-0.17301918623710244,88.08622078968573,-0.2515094057852364,,-0.0006242284057917272,0.005023209996285327,-0.0012366993596101337,-0.048465848469077887,3.2945058919261023,0.9901003550467357,-0.2539141948429545,0.20191126017271674,-2.931711946439544,-0.00010350642505782903,-0.15000000000000002,0.050335570469798654,1.0,3.6451612903225805
2015-07-31,0.0010074555493494698,4.01282237383268,0.0,0.015282623531156982,-0.23963927265556192,0,0,0,0,0,0,0,0,0,0,0,0,0,0,0,0,0,0,0,0,0,0,0,0,0,0,0,0,0,0,0,0,0,0,0,0,0,0,0,0,0,0,0,0,0,0,0,0,0,0,0,0,0,0,0,0,0,0,0,0,0,0,1,0,0,0,0,0,0,0,0,0,0,0,0,0,0,0,0,0,0,0,0,0,0,0,0.34204043406559204,2.3918070417250554,0.09278169218129119,0.0002335585819950731,16.807080293808056,12.819976274006674,-0.04910962454364311,-0.06811721021224929,-0.13867231955523088,0.006430431612379171,-0.034857770429177634,-0.4955384269666852,-0.16520016423421544,0.12929735980036663,0.0621535,-0.015418252728380644,0.0135083500247923,0.005882663158155512,-0.011263192278710714,0.3743934127440752,0.0018395141243503978,0.21613208246213733,0.85393494244743,0.04926516543247287,,-0.010927611996298058,-6.760695819317634,-0.00022095541119802114,-0.00021622065238663412,0.09032312780934611,-0.018206465564960507,0.02628738092081588,0.8704051262440132,-0.03852143119111617,1.3907680029148197,0.006032337345659222,0.2971137336404429,-0.053209219522357534,0.00017949573172267402,0.037542391282700684,0.07354432368123957,-0.032743515489397246,-0.5045716822015092,602.3969999999999,246.332,356.06499999999994,-0.03066196968377044,-0.007941674555575751,-0.032743515489397274,0.07354432368123957,-0.0044888666419079515,-0.0575772841767804,-1.527427317608338,-0.0111974304683075,-0.004845826672167789,1.400258516738525,0.02900515844414784,-0.026782252686754826,0.019335328691282946,0.0054793510154906855,0.10294238183030058,-0.023243521176628534,0.11001093026201525,0.04114375943867632,0.1115895732347928,98.89039855072463,0.12265457257877954,,-0.010212789343282534,0.007530325664160482,-0.020749654947815704,-0.08473218316368392,3.4975172192855997,1.0326415950966668,-0.0012807025568312147,0.1993816925815799,-4.427957092002085,0.00027214447780210034,-0.15000000000000002,0.050335570469798654,0.0,3.6451612903225805
2015-08-31,0.001198139599008545,4.646842186682458,0.0,-0.06230102619737934,-0.17653922314627407,0,0,0,0,0,0,0,0,0,0,0,0,0,0,0,0,0,0,0,0,0,0,0,0,0,0,0,0,0,0,0,0,0,0,0,0,0,0,0,0,0,0,0,0,0,0,0,0,0,0,0,0,0,0,0,0,0,0,0,0,0,0,1,0,0,0,0,0,0,0,0,0,0,0,0,0,0,0,0,0,0,0,0,0,0,0,0.34204043406559204,2.37292465398334,0.10231847231066535,0.0038814178652465466,26.53150511354825,12.580338375387603,-0.23963927265556192,-0.04910962454364311,-0.06811721021224929,-0.13867231955523088,0.34368422296134843,-0.5334053305577284,-0.6802918206157216,0.12929735980036663,-0.056449,0.015282623531156982,-0.015418252728380644,0.0135083500247923,0.005882663158155512,0.44850212660891864,0.0010926591527012377,0.21613208246213733,0.85393494244743,0.04926516543247287,,-0.010927611996298058,-6.760695819317634,-0.00022095541119802114,-0.00021622065238663412,0.09032312780934611,-0.018206465564960507,0.02628738092081588,0.8704051262440132,-0.03852143119111617,1.3907680029148197,0.006032337345659222,0.2971137336404429,-0.053209219522357534,0.00017949573172267402,0.037542391282700684,0.07354432368123957,-0.032743515489397246,-0.5045716822015092,602.3969999999999,246.332,356.06499999999994,-0.03066196968377044,-0.007941674555575751,-0.032743515489397274,0.07354432368123957,-0.0044888666419079515,-0.0575772841767804,-1.527427317608338,-0.0111974304683075,-0.004845826672167789,1.400258516738525,0.02900515844414784,-0.026782252686754826,0.019335328691282946,0.0054793510154906855,0.10294238183030058,-0.023243521176628534,0.11001093026201525,0.04114375943867632,0.1115895732347928,98.89039855072463,0.12265457257877954,,-0.010212789343282534,0.007530325664160482,-0.020749654947815704,-0.08473218316368392,3.4975172192855997,1.0326415950966668,-0.0012807025568312147,0.1993816925815799,-4.427957092002085,0.00027214447780210034,0.39999999999999997,0.19830028328611898,0.0,0.8028169014084506
2015-09-30,0.000556729955638104,6.691267267656786,0.0,-0.031181117483574737,-0.08677407982043181,0,0,0,0,0,0,0,0,0,0,0,0,0,0,0,0,0,0,0,0,0,0,0,0,0,0,0,0,0,0,0,0,0,0,0,0,0,0,0,0,0,0,0,0,0,0,0,0,0,0,0,0,0,0,0,0,0,0,0,0,0,0,1,0,0,0,0,0,0,0,0,0,0,0,0,0,0,0,0,0,0,0,0,0,0,0,0.34204043406559204,2.359237156678748,0.09960483577220595,0.0009722620875244901,16.464888310558607,12.377723303590937,-0.17653922314627407,-0.23963927265556192,-0.04910962454364311,-0.06811721021224929,0.09351364563240958,-0.5520622001659109,-0.8569304926669388,0.11043368512041786,0.015139,-0.06230102619737934,0.015282623531156982,-0.015418252728380644,0.0135083500247923,0.4797135514514115,0.003268913666959624,0.21613208246213733,0.85393494244743,0.04926516543247287,,-0.010927611996298058,-6.760695819317634,-0.00022095541119802114,-0.00021622065238663412,0.09032312780934611,-0.018206465564960507,0.02628738092081588,0.8704051262440132,-0.03852143119111617,1.3907680029148197,0.006032337345659222,0.2971137336404429,-0.053209219522357534,0.00017949573172267402,0.037542391282700684,0.07354432368123957,-0.032743515489397246,-0.5045716822015092,602.3969999999999,246.332,356.06499999999994,-0.03066196968377044,-0.007941674555575751,-0.032743515489397274,0.07354432368123957,-0.0044888666419079515,-0.0575772841767804,-1.527427317608338,-0.0111974304683075,-0.004845826672167789,1.400258516738525,0.02900515844414784,-0.026782252686754826,0.019335328691282946,0.0054793510154906855,0.10294238183030058,-0.023243521176628534,0.11001093026201525,0.04114375943867632,0.1115895732347928,98.89039855072463,0.12265457257877954,,-0.010212789343282534,0.007530325664160482,-0.020749654947815704,-0.08473218316368392,3.4975172192855997,1.0326415950966668,-0.0012807025568312147,0.1993816925815799,-4.427957092002085,0.00027214447780210034,0.39999999999999997,0.19830028328611898,0.0,0.8028169014084506
2015-10-30,0.0009523418009491184,4.142694078734029,0.0,0.07464354299576571,0.18562044470130257,0,0,0,0,0,0,0,0,0,0,0,0,0,0,0,0,0,0,0,0,0,0,0,0,0,0,0,0,0,0,0,0,0,0,0,0,0,0,0,0,0,0,0,0,0,0,0,0,0,0,0,0,0,0,0,0,0,0,0,0,0,0,1,0,0,0,0,0,0,0,0,0,0,0,0,0,0,0,0,0,0,0,0,0,0,0,0.34204043406559204,1.9254188799951122,0.08925394480887326,0.005571658510960724,4.718202882255067,12.290948026236448,-0.08677407982043181,-0.17653922314627407,-0.23963927265556192,-0.04910962454364311,0.029715707161804397,-0.31733213092096524,-0.7639465642834297,0.11043368512041786,0.010487,-0.031181117483574737,-0.06230102619737934,0.015282623531156982,-0.015418252728380644,0.5040941219345871,0.003394745032140124,0.21613208246213733,0.85393494244743,0.04926516543247287,,-0.010927611996298058,-6.760695819317634,-0.00022095541119802114,-0.00021622065238663412,0.09032312780934611,-0.018206465564960507,0.02628738092081588,0.8704051262440132,-0.03852143119111617,1.3907680029148197,0.006032337345659222,0.2971137336404429,-0.053209219522357534,0.00017949573172267402,0.037542391282700684,0.07354432368123957,-0.032743515489397246,-0.5045716822015092,602.3969999999999,246.332,356.06499999999994,-0.03066196968377044,-0.007941674555575751,-0.032743515489397274,0.07354432368123957,-0.0044888666419079515,-0.0575772841767804,-1.527427317608338,-0.0111974304683075,-0.004845826672167789,1.400258516738525,0.02900515844414784,-0.026782252686754826,0.019335328691282946,0.0054793510154906855,0.10294238183030058,-0.023243521176628534,0.11001093026201525,0.04114375943867632,0.1115895732347928,98.89039855072463,0.12265457257877954,,-0.010212789343282534,0.007530325664160482,-0.020749654947815704,-0.08473218316368392,3.4975172192855997,1.0326415950966668,-0.0012807025568312147,0.1993816925815799,-4.427957092002085,0.00027214447780210034,0.25000000000000006,0.15580736543909351,0.0,0.6249999999999999
2015-11-30,0.0011340418347176862,2.881229315646876,0.0,0.0055843782939006634,-0.09941618492451322,0,0,0,0,0,0,0,0,0,0,0,0,0,0,0,0,0,0,0,0,0,0,0,0,0,0,0,0,0,0,0,0,0,0,0,0,0,0,0,0,0,0,0,0,0,0,0,0,0,0,0,0,0,0,0,0,0,0,0,0,0,0,1,0,0,0,0,0,0,0,0,0,0,0,0,0,0,0,0,0,0,0,0,0,0,0,0.3420404340656072,2.098686476707684,0.08822146801268155,3.118528092938888e-05,7.528533348753296,12.47656913822757,0.18562044470130257,-0.08677407982043181,-0.17653922314627407,-0.23963927265556192,0.19907194104162018,-0.17710904318991655,-0.4018613106579081,0.16506056222177315,0.0118215,0.07464354299576571,-0.031181117483574737,-0.06230102619737934,0.015282623531156982,0.553748145079878,0.004334915348822127,-0.06572309812939703,0.6323265006600393,0.05865841660443559,,-0.5951994218537866,-8.306383219496425,-0.0009269466472268438,0.00035797683818735706,0.0936584222248271,-0.7991903099059153,0.03365219349714924,1.3179009160657147,-0.1087539708346883,0.9124861347756977,-0.3438976645542048,0.5029539947633309,-0.4791247347770942,0.0012070016693351122,0.46825786117902046,0.1352118838878292,-0.33426923732505065,1.9010705057216684,397.072,209.14299999999997,187.92900000000003,-0.47220591745889073,-0.002771637934233221,-0.33426923732505065,0.1352118838878292,-0.006179747944139002,-1.5274948521841447,-9.838916256157637,-0.0020296332771475474,-0.008839725254217912,0.9196045695205205,0.07375277728769539,-0.564134106698961,0.01271272866339476,-0.34326086324226845,0.036926250190550736,0.02595518868201785,-0.1416070001494506,-0.06825924641420655,0.017143982601494412,86.6804780876494,-0.1234692208952145,,-0.27281206795325846,0.08114670311865643,-0.5508859710625279,-0.11714356307286473,4.3965566018671955,0.9664362751194898,-0.003581405999541931,0.2943522278724085,-0.49599280676325413,0.0011558547092479843,0.44999999999999996,0.30864197530864196,0.0,0.13861386138613863
2015-12-31,0.0010128691398374739,3.5774040816326518,0.01,-0.021936694609174405,-0.1489441537792842,0,0,0,0,0,0,0,0,0,0,0,0,0,0,0,0,0,0,0,0,0,0,0,0,0,0,0,0,0,0,0,0,0,0,0,0,0,0,0,0,0,0,0,0,0,0,0,0,0,0,0,0,0,0,0,0,0,0,0,0,0,0,1,0,0,0,0,0,0,0,0,0,0,0,0,0,0,0,0,0,0,0,0,0,0,0,0.34204043406559204,2.088022778803424,0.08905146627684529,0.0004812185703761814,8.929092477201522,12.347138085808776,-0.09941618492451322,0.18562044470130257,-0.08677407982043181,-0.17653922314627407,-0.004929760598530619,-0.14941397382292665,-0.38600079302620427,0.16506056222177315,-0.016658,0.0055843782939006634,0.07464354299576571,-0.031181117483574737,-0.06230102619737934,0.5480750172054609,0.0055778620733189935,-0.06572309812939703,0.6323265006600393,0.05865841660443559,,-0.5951994218537866,-8.306383219496425,-0.0009269466472268438,0.00035797683818735706,0.0936584222248271,-0.7991903099059153,0.03365219349714924,1.3179009160657147,-0.1087539708346883,0.9124861347756977,-0.3438976645542048,0.5029539947633309,-0.4791247347770942,0.0012070016693351122,0.46825786117902046,0.1352118838878292,-0.33426923732505065,1.9010705057216684,397.072,209.14299999999997,187.92900000000003,-0.47220591745889073,-0.002771637934233221,-0.33426923732505065,0.1352118838878292,-0.006179747944139002,-1.5274948521841447,-9.838916256157637,-0.0020296332771475474,-0.008839725254217912,0.9196045695205205,0.07375277728769539,-0.564134106698961,0.01271272866339476,-0.34326086324226845,0.036926250190550736,0.02595518868201785,-0.1416070001494506,-0.06825924641420655,0.017143982601494412,86.6804780876494,-0.1234692208952145,,-0.27281206795325846,0.08114670311865643,-0.5508859710625279,-0.11714356307286473,4.3965566018671955,0.9664362751194898,-0.003581405999541931,0.2943522278724085,-0.49599280676325413,0.0011558547092479843,0.25,0.24691358024691357,1.0,0.4444444444444444
2016-01-29,0.001832519374615861,3.8228897959183668,0.01,-0.059425466084814776,0.05396663443359414,0,0,0,0,0,0,0,0,0,0,0,0,0,0,0,0,0,0,0,0,0,0,0,0,0,0,0,0,0,0,0,0,0,0,0,0,0,0,0,0,0,0,0,0,0,0,0,0,0,0,0,0,0,0,0,0,0,0,0,0,0,0,1,0,0,0,0,0,0,0,0,0,0,0,0,0,0,0,0,0,0,0,0,0,0,0,0.34204043406559204,2.146005098767067,0.08958171052239751,0.003531386019397471,9.737359995977364,12.198292458211212,-0.1488441537792842,-0.09941618492451322,0.18562044470130257,-0.08677407982043181,-0.30580074648054595,-0.008573259568900697,-0.476924672914313,0.08892388782679034,0.018535,-0.021936694609174405,0.0055843782939006634,0.07464354299576571,-0.031181117483574737,0.5449682746501023,0.005195982481208662,-0.06572309812939703,0.6323265006600393,0.05865841660443559,,-0.5951994218537866,-8.306383219496425,-0.0009269466472268438,0.00035797683818735706,0.0936584222248271,-0.7991903099059153,0.03365219349714924,1.3179009160657147,-0.1087539708346883,0.9124861347756977,-0.3438976645542048,0.5029539947633309,-0.4791247347770942,0.0012070016693351122,0.46825786117902046,0.1352118838878292,-0.33426923732505065,1.9010705057216684,397.072,209.14299999999997,187.92900000000003,-0.47220591745889073,-0.002771637934233221,-0.33426923732505065,0.1352118838878292,-0.006179747944139002,-1.5274948521841447,-9.838916256157637,-0.0020296332771475474,-0.008839725254217912,0.9196045695205205,0.07375277728769539,-0.564134106698961,0.01271272866339476,-0.34326086324226845,0.036926250190550736,0.02595518868201785,-0.1416070001494506,-0.06825924641420655,0.017143982601494412,86.6804780876494,-0.1234692208952145,,-0.27281206795325846,0.08114670311865643,-0.5508859710625279,-0.11714356307286473,4.3965566018671955,0.9664362751194898,-0.003581405999541931,0.2943522278724085,-0.49599280676325413,0.0011558547092479843,0.25,0.24691358024691357,1.0,0.4444444444444444
2016-02-29,0.0005165114148061089,2.413759999999999,0.02,-0.0008001800720324606,-0.07478896463598779,0,0,0,0,0,0,0,0,0,0,0,0,0,0,0,0,0,0,0,0,0,0,0,0,0,0,0,0,0,0,0,0,0,0,0,0,0,0,0,0,0,0,0,0,0,0,0,0,0,0,0,0,0,0,0,0,0,0,0,0,0,0,1,0,0,0,0,0,0,0,0,0,0,0,0,0,0,0,0,0,0,0,0,0,0,0,0.3420404340656072,1.6599859321714656,0.09449072720848811,6.402881476778738e-07,21.661956005614527,12.252359679481486,0.05406663443359414,-0.1488441537792842,-0.09941618492451322,0.18562044470130257,-0.7205352619095081,-0.26878266890619107,-0.4065512854247702,0.10480262210052867,-0.059329,-0.059425466084814776,-0.021936694609174405,0.0055843782939006634,0.07464354299576571,0.4458988452258009,0.004500503366695236,-0.21459154689425053,0.7068635220821552,0.04247975862293516,,0.0068974316910008935,-8.039454948049734,0.01955520825042627,-0.0006801392114726464,0.0886680623949518,-0.0056169847139428365,0.04414875271633611,1.3818538044467172,-0.03769176527544382,1.5470340722495894,0.6954055664964955,0.588861504199288,-0.07731880440209252,0.0012070132037487913,0.46591578820651414,0.15588014170720466,-0.01705487002595929,1.073821895717613,397.008,196.656,200.35199999999998,0.06610475232667623,-0.06872782613519335,-0.017054870025959287,0.15588014170720466,-8.160334247286904e-05,1.4692365602436437,-0.882929104477612,0.005400471770800001,0.00672132546734368,1.5569170771756977,0.10700481821422403,0.02595674363511402,0.048235672608689245,0.693028861293578,-0.053282552826866336,-0.03226594833777341,0.30103904365808587,0.05149682617494444,-0.07263531279181734,120.13566289825283,0.38595985565255275,,-0.002643338904496047,0.0805901303000705,-0.00815261102905693,-0.14924555079396457,6.636688809402146,1.0150840171942164,0.07453301956170022,0.2860902872744024,-2.275970580416042,-0.002518827225983335,-0.10000000000000009,0.2766798418972332,-1.0,1.0
2016-03-31,0.001144223347351436,3.959425826028127,0.02,0.06727171511501275,-0.20015072723445523,0,0,0,0,0,0,0,0,0,0,0,0,0,0,0,0,0,0,0,0,0,0,0,0,0,0,0,0,0,0,0,0,0,0,0,0,0,0,0,0,0,0,0,0,0,0,0,0,0,0,0,0,0,0,0,0,0,0,0,0,0,0,1,0,0,0,0,0,0,0,0,0,0,0,0,0,0,0,0,0,0,0,0,0,0,0,0.3420404340656072,1.6774293914200382,0.09464885459644791,0.004525483654515434,22.454217647203357,12.150890219316627,-0.07458896463598778,0.05406663443359414,-0.1488441537792842,-0.09941618492451322,-0.41575622167654447,-0.3693172112161331,-0.3473582778791262,0.08203917024909195,-0.0396715,-0.0008001800720324606,-0.059425466084814776,-0.021936694609174405,0.0055843782939006634,0.3867893290047457,0.004359849611033392,-0.21459154689425053,0.7068635220821552,0.04247975862293516,,0.0068974316910008935,-8.039454948049734,0.01955520825042627,-0.0006801392114726464,0.0886680623949518,-0.0056169847139428365,0.04414875271633611,1.3818538044467172,-0.03769176527544382,1.5470340722495894,0.6954055664964955,0.588861504199288,-0.07731880440209252,0.0012070132037487913,0.46591578820651414,0.15588014170720466,-0.01705487002595929,1.073821895717613,397.008,196.656,200.35199999999998,0.06610475232667623,-0.06872782613519335,-0.017054870025959287,0.15588014170720466,-8.160334247286904e-05,1.4692365602436437,-0.882929104477612,0.005400471770800001,0.00672132546734368,1.5569170771756977,0.10700481821422403,0.02595674363511402,0.048235672608689245,0.693028861293578,-0.053282552826866336,-0.03226594833777341,0.30103904365808587,0.05149682617494444,-0.07263531279181734,120.13566289825283,0.38595985565255275,,-0.002643338904496047,0.0805901303000705,-0.00815261102905693,-0.14924555079396457,6.636688809402146,1.0150840171942164,0.07453301956170022,0.2860902872744024,-2.275970580416042,-0.002518827225983335,-0.6000000000000001,0.0790513833992095,-1.0,0.6666666666666666
2016-04-29,0.001560781661626462,6.334292694802992,0.01,0.009157021262676849,-0.32948211282615214,0,0,0,0,0,0,0,0,0,0,0,0,0,0,0,0,0,0,0,0,0,0,0,0,0,0,0,0,0,0,0,0,0,0,0,0,0,0,0,0,0,0,0,0,0,0,0,0,0,0,0,0,0,0,0,0,0,0,0,0,0,0,1,0,0,0,0,0,0,0,0,0,0,0,0,0,0,0,0,0,0,0,0,0,0,0,0.3420404340655996,1.154658290891462,0.10401373904338745,8.38510384051159e-05,7.556711550692202,11.951215943656651,-0.19995072723445523,-0.07458896463598778,0.05406663443359414,-0.1488441537792842,-0.5842576792904882,-0.549855170263001,-0.6100180066125828,0.06352581819708453,-0.0053279999999999,0.06727171511501275,-0.0008001800720324606,-0.059425466084814776,-0.021936694609174405,0.3357022804727201,0.0034499607892241233,0.9881274402158999,0.8334387403301425,0.029603111419864204,,-0.01475798935130505,-14.082634463857488,-0.04393562159941989,0.0004031256179991789,0.08633584530072516,-0.04474108392054262,0.02015121013746839,1.7067496629766923,-0.033889283826397554,1.4393956934475574,-0.06957725155045347,0.6412201725033806,-0.03383466271823294,0.0011992862811124228,0.46354581341433987,0.04120533394611079,-0.04872642726731158,-0.41595622852780256,382.742,186.166,196.57600000000002,-0.018846829579939106,-0.0048633984071054966,-0.04872642726731154,0.04120533394611079,0.001713810044559061,-0.058575977019575544,50.54716981132076,0.012623576712226319,0.020103906539496615,1.4523848112989117,0.0340372288066889,-0.07773169132529445,-0.03346018985717946,-0.06714054808006298,-0.02630278627087057,0.0775286921887548,-0.3133569896455264,0.0429117858407444,-0.22810788021533135,87.95318021201413,-0.2678845058148569,,-0.016755060645746358,0.08015272383288875,-0.049509678155021525,-0.06280625455493472,8.527149708804385,1.0689377509608984,-0.14824795537761348,0.24770557885289207,-3.945433907424306,-0.007084380640938087,-0.6000000000000001,0.0790513833992095,-1.0,0.6666666666666666
2016-05-31,0.0008230755365181535,8.10196626627262,0.01,0.017641681476157127,-0.6101001634989514,0,0,0,0,0,0,0,0,0,0,0,0,0,0,0,0,0,0,0,0,0,0,0,0,0,0,0,0,0,0,0,0,0,0,0,0,0,0,0,0,0,0,0,0,0,0,0,0,0,0,0,0,0,0,0,0,0,0,0,0,0,0,1,0,0,0,0,0,0,0,0,0,0,0,0,0,0,0,0,0,0,0,0,0,0,0,0.3420404340655996,1.0909377822071904,0.11570908994966748,0.0003112289253061855,12.690588937081259,11.636609102230537,-0.32938211282615215,-0.19995072723445523,-0.07458896463598778,0.05406663443359414,-0.7509152195563416,-1.2139219681955464,-1.0909887174412938,0.06352581819708453,-0.037194,0.009157021262676849,0.06727171511501275,-0.0008001800720324606,-0.059425466084814776,0.4076625015371843,0.004427351472846225,0.9881274402158999,0.8334387403301425,0.029603111419864204,,-0.01475798935130505,-14.082634463857488,-0.04393562159941989,0.0004031256179991789,0.08633584530072516,-0.04474108392054262,0.02015121013746839,1.7067496629766923,-0.033889283826397554,1.4393956934475574,-0.06957725155045347,0.6412201725033806,-0.03383466271823294,0.0011992862811124228,0.46354581341433987,0.04120533394611079,-0.04872642726731158,-0.41595622852780256,382.742,186.166,196.57600000000002,-0.018846829579939106,-0.0048633984071054966,-0.04872642726731154,0.04120533394611079,0.001713810044559061,-0.058575977019575544,50.54716981132076,0.012623576712226319,0.020103906539496615,1.4523848112989117,0.0340372288066889,-0.07773169132529445,-0.03346018985717946,-0.06714054808006298,-0.02630278627087057,0.0775286921887548,-0.3133569896455264,0.0429117858407444,-0.22810788021533135,87.95318021201413,-0.2678845058148569,,-0.016755060645746358,0.08015272383288875,-0.049509678155021525,-0.06280625455493472,8.527149708804385,1.0689377509608984,-0.14824795537761348,0.24770557885289207,-3.945433907424306,-0.007084380640938087,-0.8500000000000001,-0.4088050314465409,1.0,2.4696969696969693
2016-06-30,0.0006924646045241943,21.093087962510985,0.02,-0.0005000450090019925,0.4746981528932819,0,0,0,0,0,0,0,0,0,0,0,0,0,0,0,0,0,0,0,0,0,0,0,0,0,0,0,0,0,0,0,0,0,0,0,0,0,0,0,0,0,0,0,0,0,0,0,0,0,0,0,0,0,0,0,0,0,0,0,0,0,0,1,0,0,0,0,0,0,0,0,0,0,0,0,0,0,0,0,0,0,0,0,0,0,0,0.3420404340655996,0.8605745053868885,0.1522426519196803,2.5004501102780274e-07,21.409689323293737,11.014947228958398,-0.6100001634989514,-0.32938211282615215,-0.19995072723445523,-0.07458896463598778,-0.8260067664341729,-0.6644348506662768,-1.9477142391327222,0.06352581819708453,0.023017,0.017641681476157127,0.009157021262676849,0.06727171511501275,-0.0008001800720324606,0.3861747885645894,0.00843491972420066,0.9881274402158999,0.8334387403301425,0.029603111419864204,,-0.01475798935130505,-14.082634463857488,-0.04393562159941989,0.0004031256179991789,0.08633584530072516,-0.04474108392054262,0.02015121013746839,1.7067496629766923,-0.033889283826397554,1.4393956934475574,-0.06957725155045347,0.6412201725033806,-0.03383466271823294,0.0011992862811124228,0.46354581341433987,0.04120533394611079,-0.04872642726731158,-0.41595622852780256,382.742,186.166,196.57600000000002,-0.018846829579939106,-0.0048633984071054966,-0.04872642726731154,0.04120533394611079,0.001713810044559061,-0.058575977019575544,50.54716981132076,0.012623576712226319,0.020103906539496615,1.4523848112989117,0.0340372288066889,-0.07773169132529445,-0.03346018985717946,-0.06714054808006298,-0.02630278627087057,0.0775286921887548,-0.3133569896455264,0.0429117858407444,-0.22810788021533135,87.95318021201413,-0.2678845058148569,,-0.016755060645746358,0.08015272383288875,-0.049509678155021525,-0.06280625455493472,8.527149708804385,1.0689377509608984,-0.14824795537761348,0.24770557885289207,-3.945433907424306,-0.007084380640938087,-0.8500000000000001,-0.4088050314465409,0.0,2.4696969696969693
2016-07-29,0.0010236796710712836,3.7019297731784304,0.02,0.03873221000178754,0.04288204343748409,0,0,0,0,0,0,0,0,0,0,0,0,0,0,0,0,0,0,0,0,0,0,0,0,0,0,0,0,0,0,0,0,0,0,0,0,0,0,0,0,0,0,0,0,0,0,0,0,0,0,0,0,0,0,0,0,0,0,0,0,0,0,1,0,0,0,0,0,0,0,0,0,0,0,0,0,0,0,0,0,0,0,0,0,0,0,0.3420404340655996,0.8183243759249876,0.17878138354519751,0.0015001840916225705,12.68267610693037,11.48984330989673,0.47489815289328186,-0.6100001634989514,-0.32938211282615215,-0.19995072723445523,-0.861820867337109,-0.42140207999433754,-1.4701180986277285,0.23819507734272619,-0.009556,-0.0005000450090019925,0.017641681476157127,0.009157021262676849,0.06727171511501275,0.3609403223698835,-0.0012681522600128678,0.9881274402158999,0.8334387403301425,0.029603111419864204,,-0.01475798935130505,-14.082634463857488,-0.04393562159941989,0.0004031256179991789,0.08633584530072516,-0.04474108392054262,0.02015121013746839,1.7067496629766923,-0.033889283826397554,1.4393956934475574,-0.06957725155045347,0.6412201725033806,-0.03383466271823294,0.0011992862811124228,0.46354581341433987,0.04120533394611079,-0.04872642726731158,-0.41595622852780256,382.742,186.166,196.57600000000002,-0.018846829579939106,-0.0048633984071054966,-0.04872642726731154,0.04120533394611079,0.001713810044559061,-0.058575977019575544,50.54716981132076,0.012623576712226319,0.020103906539496615,1.4523848112989117,0.0340372288066889,-0.07773169132529445,-0.03346018985717946,-0.06714054808006298,-0.02630278627087057,0.0775286921887548,-0.3133569896455264,0.0429117858407444,-0.22810788021533135,87.95318021201413,-0.2678845058148569,,-0.016755060645746358,0.08015272383288875,-0.049509678155021525,-0.06280625455493472,8.527149708804385,1.0689377509608984,-0.14824795537761348,0.24770557885289207,-3.945433907424306,-0.007084380640938087,-0.5,-0.18867924528301885,1.0,4.193548387096774
2016-08-31,0.001035398030003406,2.2927959228899555,0.02,0.004986526687300154,-0.02459125414611881,0,0,0,0,0,0,0,0,0,0,0,0,0,0,0,0,0,0,0,0,0,0,0,0,0,0,0,0,0,0,0,0,0,0,0,0,0,0,0,0,0,0,0,0,0,0,0,0,0,0,0,0,0,0,0,0,0,0,0,0,0,0,1,0,0,0,0,0,0,0,0,0,0,0,0,0,0,0,0,0,0,0,0,0,0,0,0.34204043406559204,0.8522494760735041,0.17900486877423513,2.486544840315665e-05,12.968753990875992,11.532926896033041,0.04308204343748409,0.47489815289328186,-0.6100001634989514,-0.32938211282615215,-1.1675956465019466,-0.11641122131430423,-1.4285089909378947,0.23819507734272619,0.0158445,0.03873221000178754,-0.0005000450090019925,0.017641681476157127,0.009157021262676849,0.3444633563394921,-0.00025284410400917574,-0.30254834533655195,1.2797086734275884,0.033386212304324085,,-0.00938771292657071,-22.373948531121616,-0.00581237367921186,0.00030795746563945167,0.11502802932298405,-0.05782919195926713,0.02347981584661129,2.672569867308904,-0.013999524544449526,1.719281586245496,0.19444680435827344,0.9953596522638839,-0.07101395642531255,0.0011930353227952788,0.4610254601650406,0.22283774411329202,-0.020285585343468138,-0.5117504752030413,373.51599999999996,191.563,181.95299999999997,-0.07438853166205461,-0.012537774792604617,-0.020285585343468183,0.22283774411329202,0.001938994981424802,0.013286476155245232,0.0114404576183047,-0.09056635346257018,-0.0751478243462101,1.7270857832810331,0.054055054740843086,-0.033158435657488994,-0.009697934455872513,0.18913787161988282,0.3323322302841678,-0.014236703615999158,-0.12861918705957154,0.16593855241023758,0.16054669464763738,77.7913669064748,-0.11553662165533896,,-0.014335045560800978,0.07963315096216919,-0.043690933397213486,-0.12128379169667314,7.543368731106115,1.2875173645564597,-0.02255858099896557,0.21352860252007544,-2.627394559069083,-0.015342021213105891,0.8500000000000001,0.3395061728395062,0.0,0.6249999999999999
2016-09-30,0.0010716613636773615,2.90364818728662,0.02,0.002496361547742533,-0.00019920337335769083,0,0,0,0,0,0,0,0,0,0,0,0,0,0,0,0,0,0,0,0,0,0,0,0,0,0,0,0,0,0,0,0,0,0,0,0,0,0,0,0,0,0,0,0,0,0,0,0,0,0,0,0,0,0,0,0,0,0,0,0,0,0,1,0,0,0,0,0,0,0,0,0,0,0,0,0,0,0,0,0,0,0,0,0,0,0,0.3420404340655996,0.8458500196223918,0.17903739797102283,6.231820977047495e-06,12.554450683235302,11.509381191446707,-0.024391254146118813,0.04308204343748409,0.47489815289328186,-0.6100001634989514,-1.3653264891371728,0.4935897388112894,-1.6927699189193086,0.23819507734272619,0.010985,0.004986526687300154,0.03873221000178754,-0.0005000450090019925,0.017641681476157127,0.3512064685772366,-0.0008890588492200798,-0.30254834533655195,1.2797086734275884,0.033386212304324085,,-0.00938771292657071,-22.373948531121616,-0.00581237367921186,0.00030795746563945167,0.11502802932298405,-0.05782919195926713,0.02347981584661129,2.672569867308904,-0.013999524544449526,1.719281586245496,0.19444680435827344,0.9953596522638839,-0.07101395642531255,0.0011930353227952788,0.4610254601650406,0.22283774411329202,-0.020285585343468138,-0.5117504752030413,373.51599999999996,191.563,181.95299999999997,-0.07438853166205461,-0.012537774792604617,-0.020285585343468183,0.22283774411329202,0.001938994981424802,0.013286476155245232,0.0114404576183047,-0.09056635346257018,-0.0751478243462101,1.7270857832810331,0.054055054740843086,-0.033158435657488994,-0.009697934455872513,0.18913787161988282,0.3323322302841678,-0.014236703615999158,-0.12861918705957154,0.16593855241023758,0.16054669464763738,77.7913669064748,-0.11553662165533896,,-0.014335045560800978,0.07963315096216919,-0.043690933397213486,-0.12128379169667314,7.543368731106115,1.2875173645564597,-0.02255858099896557,0.21352860252007544,-2.627394559069083,-0.015342021213105891,0.6,0.18518518518518517,-1.0,1.0
2016-10-31,0.0011952197854721168,8.002968622988131,0.02,-0.020402707317519465,-0.1390373542873417,0,0,0,0,0,0,0,0,0,0,0,0,0,0,0,0,0,0,0,0,0,0,0,0,0,0,0,0,0,0,0,0,0,0,0,0,0,0,0,0,0,0,0,0,0,0,0,0,0,0,0,0,0,0,0,0,0,0,0,0,0,0,1,0,0,0,0,0,0,0,0,0,0,0,0,0,0,0,0,0,0,0,0,0,0,0,0.3420404340655996,0.769419972187809,0.17893477645884268,0.00041627046588436234,12.291013649406903,11.509381191446707,7.966266423091797e-07,-0.024391254146118813,0.04308204343748409,0.47489815289328186,-2.0372254902510774,-0.12014576836933413,-1.3744813347514782,0.23819507734272619,-0.0108565,0.002496361547742533,0.004986526687300154,0.03873221000178754,-0.0005000450090019925,0.3499007104537156,-0.00018697955887899133,-0.30254834533655195,1.2797086734275884,0.033386212304324085,,-0.00938771292657071,-22.373948531121616,-0.00581237367921186,0.00030795746563945167,0.11502802932298405,-0.05782919195926713,0.02347981584661129,2.672569867308904,-0.013999524544449526,1.719281586245496,0.19444680435827344,0.9953596522638839,-0.07101395642531255,0.0011930353227952788,0.4610254601650406,0.22283774411329202,-0.020285585343468138,-0.5117504752030413,373.51599999999996,191.563,181.95299999999997,-0.07438853166205461,-0.012537774792604617,-0.020285585343468183,0.22283774411329202,0.001938994981424802,0.013286476155245232,0.0114404576183047,-0.09056635346257018,-0.0751478243462101,1.7270857832810331,0.054055054740843086,-0.033158435657488994,-0.009697934455872513,0.18913787161988282,0.3323322302841678,-0.014236703615999158,-0.12861918705957154,0.16593855241023758,0.16054669464763738,77.7913669064748,-0.11553662165533896,,-0.014335045560800978,0.07963315096216919,-0.043690933397213486,-0.12128379169667314,7.543368731106115,1.2875173645564597,-0.02255858099896557,0.21352860252007544,-2.627394559069083,-0.015342021213105891,0.6,0.18518518518518517,-2.0,1.0
2016-11-30,0.0026768686162302814,4.576487462737643,0.01,0.04745130185822235,0.06177568377217309,0,0,0,0,0,0,0,0,0,0,0,0,0,0,0,0,0,0,0,0,0,0,0,0,0,0,0,0,0,0,0,0,0,0,0,0,0,0,0,0,0,0,0,0,0,0,0,0,0,0,0,0,0,0,0,0,0,0,0,0,0,0,1,0,0,0,0,0,0,0,0,0,0,0,0,0,0,0,0,0,0,0,0,0,0,0,0.3420404340655996,0.6022172554218806,0.17649451234182045,0.0022516260480401357,11.162798817482827,11.370544746592492,-0.1388373542873417,7.966266423091797e-07,-0.024391254146118813,0.04308204343748409,-1.4598570631951853,-0.10135212803464513,-1.4004111260245715,0.19068227692145337,-0.057287,-0.020402707317519465,0.002496361547742533,0.004986526687300154,0.03873221000178754,0.3614466384755962,-0.0007319493976693181,1.2844191599892847,1.2281145828761397,0.0181713060741742,,-0.004367238297440542,-40.53325294203108,0.00028512291965870814,-0.0005808059474529025,0.12220163656013586,-0.04293861671718092,0.03086455605305399,2.5675589281158455,-0.019414540430694238,1.719536157191174,0.00014806820925361563,0.9762648153258695,-0.0813445129678128,0.0011885711296137586,0.4591191608415399,0.2658185964192901,-0.01975327172458763,0.49673202614379086,371.901,195.073,176.828,-0.028166614455381156,-0.018939351098443025,-0.01975327172458764,0.2658185964192901,0.001788879673448207,0.01405183474467539,-0.9693195117873266,-0.015278830900296825,0.0018333163939980891,1.7261137059107745,0.05295929739796993,-0.02046068511325294,0.014658162694416497,-0.0005628425522743452,0.062363993188210065,-0.029553635476300855,0.178386165278566,-0.027917148060841113,0.04671395807453571,94.49563530552862,0.21473164778215859,,-0.011089056640882777,0.07922742210642501,-0.03424767019933184,-0.11382491185308248,14.154438471596688,1.2525874593399247,0.0011097752705078179,0.20305570457041483,-2.737183898139311,-0.005010340340394506,-0.4,-0.06622516556291391,-1.0,1.0
2016-12-30,0.0014465046368211441,7.522771987922471,0.03,0.018030956684723418,0.006344777695556763,0,0,0,0,0,0,0,0,0,0,0,0,0,0,0,0,0,0,0,0,0,0,0,0,0,0,0,0,0,0,0,0,0,0,0,0,0,0,0,0,0,0,0,0,0,0,0,0,0,0,0,0,0,0,0,0,0,0,0,0,0,0,1,0,0,0,0,0,0,0,0,0,0,0,0,0,0,0,0,0,0,0,0,0,0,0,0.3420404340655996,0.7207693955245728,0.17505998559770125,0.0003251153989663721,14.476377565301494,11.433914724635184,0.06187568377217309,-0.1388373542873417,7.966266423091797e-07,-0.024391254146118813,-1.4261943148202108,-0.07031609619296955,-1.2682524034766525,0.19694682369968305,0.0150165,0.04745130185822235,-0.020402707317519465,0.002496361547742533,0.004986526687300154,0.3663295637613805,-0.0003354417699160361,1.2844191599892847,1.2281145828761397,0.0181713060741742,,-0.004367238297440542,-40.53325294203108,0.00028512291965870814,-0.0005808059474529025,0.12220163656013586,-0.04293861671718092,0.03086455605305399,2.5675589281158455,-0.019414540430694238,1.719536157191174,0.00014806820925361563,0.9762648153258695,-0.0813445129678128,0.0011885711296137586,0.4591191608415399,0.2658185964192901,-0.01975327172458763,0.49673202614379086,371.901,195.073,176.828,-0.028166614455381156,-0.018939351098443025,-0.01975327172458764,0.2658185964192901,0.001788879673448207,0.01405183474467539,-0.9693195117873266,-0.015278830900296825,0.0018333163939980891,1.7261137059107745,0.05295929739796993,-0.02046068511325294,0.014658162694416497,-0.0005628425522743452,0.062363993188210065,-0.029553635476300855,0.178386165278566,-0.027917148060841113,0.04671395807453571,94.49563530552862,0.21473164778215859,,-0.011089056640882777,0.07922742210642501,-0.03424767019933184,-0.11382491185308248,14.154438471596688,1.2525874593399247,0.0011097752705078179,0.20305570457041483,-2.737183898139311,-0.005010340340394506,-0.4,-0.06622516556291391,0.0,1.0
2017-01-31,0.0031772028614090184,1.5795201454498229,0.04,0.01920652963891835,0.03217473360976983,0,0,0,0,0,0,0,0,0,0,0,0,0,0,0,0,0,0,0,0,0,0,0,0,0,0,0,0,0,0,0,0,0,0,0,0,0,0,0,0,0,0,0,0,0,0,0,0,0,0,0,0,0,0,0,0,0,0,0,0,0,0,1,0,0,0,0,0,0,0,0,0,0,0,0,0,0,0,0,0,0,0,0,0,0,0,0.3420404340655996,0.7273611694049114,0.17513006406211923,0.000368890780770649,13.24400410267436,11.440559267353853,0.0066447776955567625,0.06187568377217309,-0.1388373542873417,7.966266423091797e-07,-1.4328402482256342,-0.03774215920984204,-0.8810667009946709,0.19694682369968305,0.0100755,0.018030956684723418,0.04745130185822235,-0.020402707317519465,0.002496361547742533,0.36505016361692877,-0.0007827646013236591,1.2844191599892847,1.2281145828761397,0.0181713060741742,,-0.004367238297440542,-40.53325294203108,0.00028512291965870814,-0.0005808059474529025,0.12220163656013586,-0.04293861671718092,0.03086455605305399,2.5675589281158455,-0.019414540430694238,1.719536157191174,0.00014806820925361563,0.9762648153258695,-0.0813445129678128,0.0011885711296137586,0.4591191608415399,0.2658185964192901,-0.01975327172458763,0.49673202614379086,371.901,195.073,176.828,-0.028166614455381156,-0.018939351098443025,-0.01975327172458764,0.2658185964192901,0.001788879673448207,0.01405183474467539,-0.9693195117873266,-0.015278830900296825,0.0018333163939980891,1.7261137059107745,0.05295929739796993,-0.02046068511325294,0.014658162694416497,-0.0005628425522743452,0.062363993188210065,-0.029553635476300855,0.178386165278566,-0.027917148060841113,0.04671395807453571,94.49563530552862,0.21473164778215859,,-0.011089056640882777,0.07922742210642501,-0.03424767019933184,-0.11382491185308248,14.154438471596688,1.2525874593399247,0.0011097752705078179,0.20305570457041483,-2.737183898139311,-0.005010340340394506,-0.4,-0.06622516556291391,0.0,1.0
2017-02-28,0.0024506872624106735,1.5617512418427972,0.04,0.03506366427556906,-0.006830603337412164,0,0,0,0,0,0,0,0,0,0,0,0,0,0,0,0,0,0,0,0,0,0,0,0,0,0,0,0,0,0,0,0,0,0,0,0,0,0,0,0,0,0,0,0,0,0,0,0,0,0,0,0,0,0,0,0,0,0,0,0,0,0,1,0,0,0,0,0,0,0,0,0,0,0,0,0,0,0,0,0,0,0,0,0,0,0,0.3420404340655996,0.7848783856629731,0.1750324621997573,0.001229460552429818,11.28992039591571,11.473135437788466,0.032574733609769826,0.0066447776955567625,0.06187568377217309,-0.1388373542873417,-1.300403391891417,0.09466459174008751,-0.46084690168245385,0.19328529336764635,-0.0306345,0.01920652963891835,0.018030956684723418,0.04745130185822235,-0.020402707317519465,0.3933451956924038,-0.0014992879828879524,1.2844191599892847,1.2281145828761397,0.0181713060741742,,-0.004367238297440542,-40.53325294203108,0.00028512291965870814,-0.0005808059474529025,0.12220163656013586,-0.04293861671718092,0.03086455605305399,2.5675589281158455,-0.019414540430694238,1.719536157191174,0.00014806820925361563,0.9762648153258695,-0.0813445129678128,0.0011885711296137586,0.4591191608415399,0.2658185964192901,-0.01975327172458763,0.49673202614379086,371.901,195.073,176.828,-0.028166614455381156,-0.018939351098443025,-0.01975327172458764,0.2658185964192901,0.001788879673448207,0.01405183474467539,-0.9693195117873266,-0.015278830900296825,0.0018333163939980891,1.7261137059107745,0.05295929739796993,-0.02046068511325294,0.014658162694416497,-0.0005628425522743452,0.062363993188210065,-0.029553635476300855,0.178386165278566,-0.027917148060841113,0.04671395807453571,94.49563530552862,0.21473164778215859,,-0.011089056640882777,0.07922742210642501,-0.03424767019933184,-0.11382491185308248,14.154438471596688,1.2525874593399247,0.0011097752705078179,0.20305570457041483,-2.737183898139311,-0.005010340340394506,-0.4,-0.06622516556291391,0.0,1.0
2017-03-31,0.006276711253685642,1.002798610434726,0.03,0.001698002662673058,-0.10208369256667144,0,0,0,0,0,0,0,0,0,0,0,0,0,0,0,0,0,0,0,0,0,0,0,0,0,0,0,0,0,0,0,0,0,0,0,0,0,0,0,0,0,0,0,0,0,0,0,0,0,0,0,0,0,0,0,0,0,0,0,0,0,0,1,0,0,0,0,0,0,0,0,0,0,0,0,0,0,0,0,0,0,0,0,0,0,0,0.6840808681311992,0.7748053272497348,0.17490622877924739,2.883213042444795e-06,11.734522985898073,11.466704547458175,-0.006430603337412164,0.032574733609769826,0.0066447776955567625,0.06187568377217309,-1.603792109375867,-0.06899478459875702,-0.23816343429220632,0.19328529336764635,0.020838,0.03506366427556906,0.01920652963891835,0.018030956684723418,0.04745130185822235,0.36832713949972296,-0.0020168168979147454,1.2844191599892847,1.2281145828761397,0.0181713060741742,,-0.004367238297440542,-40.53325294203108,0.00028512291965870814,-0.0005808059474529025,0.12220163656013586,-0.04293861671718092,0.03086455605305399,2.5675589281158455,-0.019414540430694238,1.719536157191174,0.00014806820925361563,0.9762648153258695,-0.0813445129678128,0.0011885711296137586,0.4591191608415399,0.2658185964192901,-0.01975327172458763,0.49673202614379086,371.901,195.073,176.828,-0.028166614455381156,-0.018939351098443025,-0.01975327172458764,0.2658185964192901,0.001788879673448207,0.01405183474467539,-0.9693195117873266,-0.015278830900296825,0.0018333163939980891,1.7261137059107745,0.05295929739796993,-0.02046068511325294,0.014658162694416497,-0.0005628425522743452,0.062363993188210065,-0.029553635476300855,0.178386165278566,-0.027917148060841113,0.04671395807453571,94.49563530552862,0.21473164778215859,,-0.011089056640882777,0.07922742210642501,-0.03424767019933184,-0.11382491185308248,14.154438471596688,1.2525874593399247,0.0011097752705078179,0.20305570457041483,-2.737183898139311,-0.005010340340394506,-0.4,-0.06622516556291391,0.0,1.0
2017-04-28,0.003668005303555288,2.9484464790104212,0.05,0.010835509663745678,-0.029487467772299627,0,0,0,0,0,0,0,0,0,0,0,0,0,0,0,0,0,0,0,0,0,0,0,0,0,0,0,0,0,0,0,0,0,0,0,0,0,0,0,0,0,0,0,0,0,0,0,0,0,0,0,0,0,0,0,0,0,0,0,0,0,0,1,0,0,0,0,0,0,0,0,0,0,0,0,0,0,0,0,0,0,0,0,0,0,0,0.6840808681311916,0.7622310248238149,0.1750997812147065,0.00011740826967312598,12.285066250473456,11.364921853148232,-0.10178369256667144,-0.006430603337412164,0.032574733609769826,0.0066447776955567625,-1.6430119913053325,-0.10462703006661342,-0.5453099821673283,0.19328529336764635,-0.0062025,0.001698002662673058,0.03506366427556906,0.01920652963891835,0.018030956684723418,0.31997415690205866,-0.002387960599948275,1.2844191599892847,1.2281145828761397,0.0181713060741742,,-0.004367238297440542,-40.53325294203108,0.00028512291965870814,-0.0005808059474529025,0.12220163656013586,-0.04293861671718092,0.03086455605305399,2.5675589281158455,-0.019414540430694238,1.719536157191174,0.00014806820925361563,0.9762648153258695,-0.0813445129678128,0.0011885711296137586,0.4591191608415399,0.2658185964192901,-0.01975327172458763,0.49673202614379086,371.901,195.073,176.828,-0.028166614455381156,-0.018939351098443025,-0.01975327172458764,0.2658185964192901,0.001788879673448207,0.01405183474467539,-0.9693195117873266,-0.015278830900296825,0.0018333163939980891,1.7261137059107745,0.05295929739796993,-0.02046068511325294,0.014658162694416497,-0.0005628425522743452,0.062363993188210065,-0.029553635476300855,0.178386165278566,-0.027917148060841113,0.04671395807453571,94.49563530552862,0.21473164778215859,,-0.011089056640882777,0.07922742210642501,-0.03424767019933184,-0.11382491185308248,14.154438471596688,1.2525874593399247,0.0011097752705078179,0.20305570457041483,-2.737183898139311,-0.005010340340394506,-0.4,-0.06622516556291391,0.0,1.0
2017-05-31,0.0037874161532300736,0.913178143566767,0.06,0.010537744410456022,-0.061223617170248365,0,0,0,0,0,0,0,0,0,0,0,0,0,0,0,0,0,0,0,0,0,0,0,0,0,0,0,0,0,0,0,0,0,0,0,0,0,0,0,0,0,0,0,0,0,0,0,0,0,0,0,0,0,0,0,0,0,0,0,0,0,0,1,0,0,0,0,0,0,0,0,0,0,0,0,0,0,0,0,0,0,0,0,0,0,0,0.3420404340655996,0.6556394989126375,0.17421596382486576,0.00011104405726009712,11.581248997233027,11.335934316274981,-0.028987467772299626,-0.10178369256667144,-0.006430603337412164,0.032574733609769826,-1.5415080122345342,-0.1978253808466316,-0.2569518385463999,0.19328529336764635,-0.0177385,0.010835509663745678,0.001698002662673058,0.03506366427556906,0.01920652963891835,0.3169796329692155,-0.0025495306540572345,1.2844191599892847,1.2281145828761397,0.0181713060741742,,-0.004367238297440542,-40.53325294203108,0.00028512291965870814,-0.0005808059474529025,0.12220163656013586,-0.04293861671718092,0.03086455605305399,2.5675589281158455,-0.019414540430694238,1.719536157191174,0.00014806820925361563,0.9762648153258695,-0.0813445129678128,0.0011885711296137586,0.4591191608415399,0.2658185964192901,-0.01975327172458763,0.49673202614379086,371.901,195.073,176.828,-0.028166614455381156,-0.018939351098443025,-0.01975327172458764,0.2658185964192901,0.001788879673448207,0.01405183474467539,-0.9693195117873266,-0.015278830900296825,0.0018333163939980891,1.7261137059107745,0.05295929739796993,-0.02046068511325294,0.014658162694416497,-0.0005628425522743452,0.062363993188210065,-0.029553635476300855,0.178386165278566,-0.027917148060841113,0.04671395807453571,94.49563530552862,0.21473164778215859,,-0.011089056640882777,0.07922742210642501,-0.03424767019933184,-0.11382491185308248,14.154438471596688,1.2525874593399247,0.0011097752705078179,0.20305570457041483,-2.737183898139311,-0.005010340340394506,-0.4,-0.06622516556291391,0.0,1.0
2017-06-30,0.0018615145368397854,1.6481125947370927,0.06,0.007764916331627672,-0.2179019960873182,0,0,0,0,0,0,0,0,0,0,0,0,0,0,0,0,0,0,0,0,0,0,0,0,0,0,0,0,0,0,0,0,0,0,0,0,0,0,0,0,0,0,0,0,0,0,0,0,0,0,0,0,0,0,0,0,0,0,0,0,0,0,1,0,0,0,0,0,0,0,0,0,0,0,0,0,0,0,0,0,0,0,0,0,0,0,0.3420404340655996,0.6266904301401288,0.17415331359065525,6.029392563717814e-05,11.544760338054273,11.275309694458546,-0.06062361717024836,-0.028987467772299626,-0.10178369256667144,-0.006430603337412164,-1.3967333441491137,-0.40869677359653767,-0.2049845498843892,0.19328529336764635,-0.0028125,0.010537744410456022,0.010835509663745678,0.001698002662673058,0.03506366427556906,0.30782310414843195,-0.0026632967849708074,4.281336439684853,0.02853338303756985,0.2155436967348679,,-0.33182782129319055,-2.5939582654059343,0.059418001564864584,-0.0008573958591996698,0.12326534024410633,-0.7830780709241496,0.08212259355219576,2.2644183019736484,-0.17736295301803873,1.4196547144754317,-0.1743967066127835,1.182878466158774,-0.40987270248363683,0.0014655980437612301,0.4786312752475843,0.15674023287580727,-0.43652054997043166,0.18403822332330555,167.43200000000002,209.204,-41.77199999999999,-1.2362295564050942,-0.005622242222211144,-0.43652054997043166,0.15674023287580727,0.0007142741189267721,-0.6230938995704178,51.60557768924303,-0.009900101377038045,0.009488399171936515,1.4276610584042726,0.05677670532889934,-0.9783286280781345,0.06743745818306439,-0.17290439586019335,0.008704496223723046,-0.05033195698322723,0.30940797021843314,-0.011691557878950265,0.19043367004723877,129.8431603773585,0.37406516139652646,,-0.19243685055334966,0.09197243885899367,-0.5947551363436087,-0.07289119123114131,2.3933702858384955,1.239762196975668,0.1301719271234283,0.5751768484377122,-2.2262441364093926,-0.13751027969913182,,,,
2017-07-31,0.0009883225770617936,0.8756166196389719,0.07,0.018514218923804372,-0.06588583931095103,0,0,0,0,0,0,0,0,0,0,0,0,0,0,0,0,0,0,0,0,0,0,0,0,0,0,0,0,0,0,0,0,0,0,0,0,0,0,0,0,0,0,0,0,0,0,0,0,0,0,0,0,0,0,0,0,0,0,0,0,0,0,1,0,0,0,0,0,0,0,0,0,0,0,0,0,0,0,0,0,0,0,0,0,0,0,0.21890587780198603,0.5904988397907648,0.17630886791916175,0.00034277630235855593,14.407073117374559,11.058706204544198,-0.2173019960873182,-0.06062361717024836,-0.028987467772299626,-0.10178369256667144,-1.4143529863145636,-0.37209892034081726,-0.2726060344578881,0.04584415360647567,-0.0049555,0.007764916331627672,0.010537744410456022,0.010835509663745678,0.001698002662673058,0.2821172622753564,-0.004187563087725334,4.281336439684853,0.02853338303756985,0.2155436967348679,,-0.33182782129319055,-2.5939582654059343,0.059418001564864584,-0.0008573958591996698,0.12326534024410633,-0.7830780709241496,0.08212259355219576,2.2644183019736484,-0.17736295301803873,1.4196547144754317,-0.1743967066127835,1.182878466158774,-0.40987270248363683,0.0014655980437612301,0.4786312752475843,0.15674023287580727,-0.43652054997043166,0.18403822332330555,167.43200000000002,209.204,-41.77199999999999,-1.2362295564050942,-0.005622242222211144,-0.43652054997043166,0.15674023287580727,0.0007142741189267721,-0.6230938995704178,51.60557768924303,-0.009900101377038045,0.009488399171936515,1.4276610584042726,0.05677670532889934,-0.9783286280781345,0.06743745818306439,-0.17290439586019335,0.008704496223723046,-0.05033195698322723,0.30940797021843314,-0.011691557878950265,0.19043367004723877,129.8431603773585,0.37406516139652646,,-0.19243685055334966,0.09197243885899367,-0.5947551363436087,-0.07289119123114131,2.3933702858384955,1.239762196975668,0.1301719271234283,0.5751768484377122,-2.2262441364093926,-0.13751027969913182,-0.6,-0.5,0.0,1.0
2017-08-31,0.00657979998703858,0.7875036818753829,0.09,0.0015968801985871458,-0.07252259742940678,0,0,0,0,0,0,0,0,0,0,0,0,0,0,0,0,0,0,0,0,0,0,0,0,0,0,0,0,0,0,0,0,0,0,0,0,0,0,0,0,0,0,0,0,0,0,0,0,0,0,0,0,0,0,0,0,0,0,0,0,0,0,1,0,0,0,0,0,0,0,0,0,0,0,0,0,0,0,0,0,0,0,0,0,0,0,0.01710202170327808,0.5863515184324275,0.17633547170887595,2.550026368639722e-06,14.5222991845634,11.007950443007395,-0.06518583931095102,-0.2173019960873182,-0.06062361717024836,-0.028987467772299626,-1.4244366425895352,-0.4147340499979244,-0.10202704563144782,0.033698398359166555,-0.0063645,0.018514218923804372,0.007764916331627672,0.010537744410456022,0.010835509663745678,0.2808135205266893,-0.004195173049695088,-0.017329053734079558,-0.044225674722071194,0.2229818107500511,,-0.02224082027432684,-2.5939582654059343,-0.07772838749233596,0.00015838953607193965,0.13332730315227714,-0.08544358710364056,0.03916819946862871,2.308376618118298,-0.05331600096782918,1.415266113934207,-0.0030913154420412203,1.097763844383004,-0.03493255671367259,0.0014501069669162492,0.4757590909809596,-0.006351005865136565,-0.08300810075104137,-0.7503639010189228,152.078,209.204,-41.77199999999999,0.0,-0.004723168836353785,-0.08300810075104134,-0.006351005865136565,0.0016221915808256604,0.6903070794781545,-0.4597364568081992,0.001902200649371946,0.018599047108988763,1.424562717304092,0.0,-2.439382530120482,-1.2778614457831285,-0.0021702217637312726,0.08162848444051485,0.08036631761521806,-0.1751584426457119,-0.015199370129317158,-0.3321632275097629,107.95676905574517,-0.1685602172498396,,-0.034605059104091604,0.09101035478130912,-2.7808734939759034,-0.054012470645396354,2.17437331011411,1.2182765880963387,-0.13816560255024657,0.5704041896586961,-2.2262441364093926,-0.005784158347118911,0.39999999999999997,-0.2912621359223301,0.0,1.0
2017-09-29,0.005053364676179407,2.2892797211823934,0.09,0.02476774674857781,0.17401237771313863,0,0,0,0,0,0,0,0,0,0,0,0,0,0,0,0,0,0,0,0,0,0,0,0,0,0,0,0,0,0,0,0,0,0,0,0,0,0,0,0,0,0,0,0,0,0,0,0,0,0,0,0,0,0,0,0,0,0,0,0,0,0,1,0,0,0,0,0,0,0,0,0,0,0,0,0,0,0,0,0,0,0,0,0,0,0,0.3420404340655996,0.6660280013423544,0.16821007362030127,0.0006134412790016867,18.568619803013018,10.927251301564763,-0.07162259742940678,-0.06518583931095102,-0.2173019960873182,-0.06062361717024836,-1.5317549477989179,-0.1791980551145374,0.46150724893013506,0.033698398359166555,0.0073835,0.0015968801985871458,0.018514218923804372,0.007764916331627672,0.010537744410456022,0.27791619097697595,-0.004697575389067665,2.0171342173377678,-0.07879655262732459,0.07419935187655008,,4.9660378191368456e-05,-7.667869053082454,-0.0009761579105681084,-0.0005107803020414184,0.12305274349373642,-0.04156009028236424,0.06298488657839627,2.839041357694366,-0.09176969375021926,1.7870395182774004,0.2626879854487043,1.4838503097346796,0.2223142887951828,0.0017335258274274391,0.47294004257205324,-0.6552019510214415,-0.09972920498671578,-0.5477507099088328,163.12699999999998,,,0.0,0.08348264693773294,-0.09972920498671574,-0.6552019510214415,0.0037411936189164496,0.04996727265049303,0.13059125964010265,-0.03649090537502565,0.013896239771940266,1.7993190308800582,0.0,0.3157206382422182,-0.2280931205859268,0.26306761297612247,-0.07706268270352579,-0.03950445956149451,0.10175477001859956,-0.047311444645746215,0.07359432287081058,120.05323193916348,0.11204913771708114,,-0.013555078683834048,0.09008730660672194,0.6939576249019095,-0.04065150180276485,7.245066544286369,1.1631465199665993,-0.001812548738592601,0.4727584292938179,,-0.0015665318613782228,0.39999999999999997,-0.2912621359223301,0.0,1.0
2017-10-31,0.018309494859882012,0.8050785477663867,0.09,0.022230417388854465,-0.029337492858484995,0,0,0,0,0,0,0,0,0,0,0,0,0,0,0,0,0,0,0,0,0,0,0,0,0,0,0,0,0,0,0,0,0,0,0,0,0,0,0,0,0,0,0,0,0,0,0,0,0,0,0,0,0,0,0,0,0,0,0,0,0,0,1,0,0,0,0,0,0,0,0,0,0,0,0,0,0,0,0,0,0,0,0,0,0,0,0.3420404340655996,0.830951078888875,0.1726729605568693,0.0004941914572826829,16.331959329477268,11.102161140785553,0.17491237771313864,-0.07162259742940678,-0.06518583931095102,-0.2173019960873182,-1.4966407500340118,0.009666448114295838,1.4441506327774514,0.08978759836502719,0.020011,0.02476774674857781,0.0015968801985871458,0.018514218923804372,0.007764916331627672,0.28003864696113934,-0.0038080555721910644,2.0171342173377678,-0.07879655262732459,0.07419935187655008,,4.9660378191368456e-05,-7.667869053082454,-0.0009761579105681084,-0.0005107803020414184,0.12305274349373642,-0.04156009028236424,0.06298488657839627,2.839041357694366,-0.09176969375021926,1.7870395182774004,0.2626879854487043,1.4838503097346796,0.2223142887951828,0.0017335258274274391,0.47294004257205324,-0.6552019510214415,-0.09972920498671578,-0.5477507099088328,163.12699999999998,,,0.0,0.08348264693773294,-0.09972920498671574,-0.6552019510214415,0.0037411936189164496,0.04996727265049303,0.13059125964010265,-0.03649090537502565,0.013896239771940266,1.7993190308800582,0.0,0.3157206382422182,-0.2280931205859268,0.26306761297612247,-0.07706268270352579,-0.03950445956149451,0.10175477001859956,-0.047311444645746215,0.07359432287081058,120.05323193916348,0.11204913771708114,,-0.013555078683834048,0.09008730660672194,0.6939576249019095,-0.04065150180276485,7.245066544286369,1.1631465199665993,-0.001812548738592601,0.4727584292938179,,-0.0015665318613782228,0.19999999999999998,-0.09345794392523364,0.0,1.0
2017-11-30,0.004989589144695905,1.1646628731795903,0.08,0.030698667059371017,-0.05920480418985104,0,0,0,0,0,0,0,0,0,0,0,0,0,0,0,0,0,0,0,0,0,0,0,0,0,0,0,0,0,0,0,0,0,0,0,0,0,0,0,0,0,0,0,0,0,0,0,0,0,0,0,0,0,0,0,0,0,0,0,0,0,0,1,0,0,0,0,0,0,0,0,0,0,0,0,0,0,0,0,0,0,0,0,0,0,0,0.6498768247246393,0.6621991285314826,0.17188440881136977,0.0009424081592221112,14.079619190520061,11.082750364120658,-0.028437492858484993,0.17491237771313864,-0.07162259742940678,-0.06518583931095102,-1.735682559518567,0.01644748323539582,1.6127139881395889,0.08978759836502719,-0.041589,0.022230417388854465,0.02476774674857781,0.0015968801985871458,0.018514218923804372,0.28658646815137456,-0.004792472437915177,0.10728540080255144,-0.09630679405584107,0.06239978986653241,,0.00040182513204714077,-9.149192317811103,-0.0016307232640731285,9.302783721222941e-05,0.12126387702818105,-0.03734222158512912,0.06922912756305377,2.8479015177203895,0.04362388333121814,1.6879474272930648,-0.05545041951834084,1.4217749721589645,0.21607630471541692,0.001947882034325618,0.4697023686976059,-0.6318966415490035,0.037116701948343156,1.397667638483965,171.33800000000002,,,0.0,0.0867776324158301,0.037116701948343205,-0.6318966415490035,0.0014844455918419097,0.001832161314919936,-1.3469573115349682,-0.002065822554923072,0.00817838896176348,1.6990771812080538,0.0,0.27157057654075545,-0.6970178926441373,-0.055710992854321906,-0.01453739603657378,-0.018988745402612084,-0.024968898243922677,-0.11674445700271319,0.1025648844796192,117.151364764268,-0.02417150399054646,,-0.014074834989585758,0.08902337762321455,0.4930417495029821,-0.04518709958748877,8.280627904937298,1.0412076703386375,-0.0031460484364771446,0.4813169841469621,,-0.004517204224007555,0.5,0.42162959839780756,0.0,1.0
2017-12-29,0.0013767754495706036,2.427343540004909,0.09,0.01053437762566317,-0.034379363061209894,0,0,0,0,0,0,0,0,0,0,0,0,0,0,0,0,0,0,0,0,0,0,0,0,0,0,0,0,0,0,0,0,0,0,0,0,0,0,0,0,0,0,0,0,0,0,0,0,0,0,0,0,0,0,0,0,0,0,0,0,0,0,1,0,0,0,0,0,0,0,0,0,0,0,0,0,0,0,0,0,0,0,0,0,0,0,0.24968951686789037,0.7124328004226866,0.1712963673739296,0.0001109731119600728,14.916988686122279,11.0168030177866,-0.058404804189851035,-0.028437492858484993,0.17491237771313864,-0.07162259742940678,-1.7524697683885326,0.05459071760359273,0.9338587134563617,0.07137729633948842,0.0120645,0.030698667059371017,0.022230417388854465,0.02476774674857781,0.0015968801985871458,0.2883716886855908,-0.004677050821308252,0.10728540080255144,-0.09630679405584107,0.06239978986653241,,0.00040182513204714077,-9.149192317811103,-0.0016307232640731285,9.302783721222941e-05,0.12126387702818105,-0.03734222158512912,0.06922912756305377,2.8479015177203895,0.04362388333121814,1.6879474272930648,-0.05545041951834084,1.4217749721589645,0.21607630471541692,0.001947882034325618,0.4697023686976059,-0.6318966415490035,0.037116701948343156,1.397667638483965,171.33800000000002,,,0.0,0.0867776324158301,0.037116701948343205,-0.6318966415490035,0.0014844455918419097,0.001832161314919936,-1.3469573115349682,-0.002065822554923072,0.00817838896176348,1.6990771812080538,0.0,0.27157057654075545,-0.6970178926441373,-0.055710992854321906,-0.01453739603657378,-0.018988745402612084,-0.024968898243922677,-0.11674445700271319,0.1025648844796192,117.151364764268,-0.02417150399054646,,-0.014074834989585758,0.08902337762321455,0.4930417495029821,-0.04518709958748877,8.280627904937298,1.0412076703386375,-0.0031460484364771446,0.4813169841469621,,-0.004517204224007555,0.5,0.42162959839780756,0.0,1.0
2018-01-31,0.001516582266683662,2.163055161101115,0.11,0.05424009503316455,-0.1210059241481,0,0,0,0,0,0,0,0,0,0,0,0,0,0,0,0,0,0,0,0,0,0,0,0,0,0,0,0,0,0,0,0,0,0,0,0,0,0,0,0,0,0,0,0,0,0,0,0,0,0,0,0,0,0,0,0,0,0,0,0,0,0,1,0,0,0,0,0,0,0,0,0,0,0,0,0,0,0,0,0,0,0,0,0,0,0,0.29073436895575777,0.7042338980181722,0.1708349650191609,0.0029419879092067217,13.59625815230006,10.990866998384071,-0.033479363061209896,-0.058404804189851035,-0.028437492858484993,0.17491237771313864,-2.0589328206152673,-0.2402275842576459,0.8911078561662962,0.06701883599516543,-0.005369,0.01053437762566317,0.030698667059371017,0.022230417388854465,0.02476774674857781,0.32694773326432813,-0.004652821044310807,0.10728540080255144,-0.09630679405584107,0.06239978986653241,,0.00040182513204714077,-9.149192317811103,-0.0016307232640731285,9.302783721222941e-05,0.12126387702818105,-0.03734222158512912,0.06922912756305377,2.8479015177203895,0.04362388333121814,1.6879474272930648,-0.05545041951834084,1.4217749721589645,0.21607630471541692,0.001947882034325618,0.4697023686976059,-0.6318966415490035,0.037116701948343156,1.397667638483965,171.33800000000002,,,0.0,0.0867776324158301,0.037116701948343205,-0.6318966415490035,0.0014844455918419097,0.001832161314919936,-1.3469573115349682,-0.002065822554923072,0.00817838896176348,1.6990771812080538,0.0,0.27157057654075545,-0.6970178926441373,-0.055710992854321906,-0.01453739603657378,-0.018988745402612084,-0.024968898243922677,-0.11674445700271319,0.1025648844796192,117.151364764268,-0.02417150399054646,,-0.014074834989585758,0.08902337762321455,0.4930417495029821,-0.04518709958748877,8.280627904937298,1.0412076703386375,-0.0031460484364771446,0.4813169841469621,,-0.004517204224007555,0.30000000000000004,0.21081479919890378,0.0,1.0
2018-02-28,0.027827824050400872,0.8750159744408945,0.11,-0.03714177134726553,0.033355114485389574,0,0,0,0,0,0,0,0,0,0,0,0,0,0,0,0,0,0,0,0,0,0,0,0,0,0,0,0,0,0,0,0,0,0,0,0,0,0,0,0,0,0,0,0,0,0,0,0,0,0,0,0,0,0,0,0,0,0,0,0,0,0,1,0,0,0,0,0,0,0,0,0,0,0,0,0,0,0,0,0,0,0,0,0,0,0,14.023657796689577,0.5604645741373897,0.17154758644239868,0.001379511178812555,11.02391255464718,10.872015187459116,-0.1199059241481,-0.033479363061209896,-0.058404804189851035,-0.028437492858484993,-1.8213715952784915,-0.17733497691377137,0.7778470687969772,0.04668142717241383,0.012245,0.05424009503316455,0.01053437762566317,0.030698667059371017,0.022230417388854465,0.31041210074470516,-0.004242548470178933,0.10728540080255144,-0.09630679405584107,0.06239978986653241,,0.00040182513204714077,-9.149192317811103,-0.0016307232640731285,9.302783721222941e-05,0.12126387702818105,-0.03734222158512912,0.06922912756305377,2.8479015177203895,0.04362388333121814,1.6879474272930648,-0.05545041951834084,1.4217749721589645,0.21607630471541692,0.001947882034325618,0.4697023686976059,-0.6318966415490035,0.037116701948343156,1.397667638483965,171.33800000000002,,,0.0,0.0867776324158301,0.037116701948343205,-0.6318966415490035,0.0014844455918419097,0.001832161314919936,-1.3469573115349682,-0.002065822554923072,0.00817838896176348,1.6990771812080538,0.0,0.27157057654075545,-0.6970178926441373,-0.055710992854321906,-0.01453739603657378,-0.018988745402612084,-0.024968898243922677,-0.11674445700271319,0.1025648844796192,117.151364764268,-0.02417150399054646,,-0.014074834989585758,0.08902337762321455,0.4930417495029821,-0.04518709958748877,8.280627904937298,1.0412076703386375,-0.0031460484364771446,0.4813169841469621,,-0.004517204224007555,0.30000000000000004,0.21081479919890378,0.0,1.0
2018-03-30,0.02740845960742271,0.9213285350065821,0.12,-0.02375240447051149,0.04872579640982518,0,0,0,0,0,0,0,0,0,0,0,0,0,0,0,0,0,0,0,0,0,0,0,0,0,0,0,0,0,0,0,0,0,0,0,0,0,0,0,0,0,0,0,0,0,0,0,0,0,0,0,0,0,0,0,0,0,0,0,0,0,0,1,0,0,0,0,0,0,0,0,0,0,0,0,0,0,0,0,0,0,0,0,0,0,0,3.7624447747216334,0.3918324759825046,0.17270999655006522,0.0005641767181307741,12.681825889489296,10.906407254958555,0.03445511448538957,-0.1199059241481,-0.033479363061209896,-0.058404804189851035,-1.9245298753036657,-0.06900437631409513,0.8187026812354915,0.06030999978001441,,-0.03714177134726553,0.05424009503316455,0.01053437762566317,0.030698667059371017,0.3045779617975112,-0.004076048997534317,0.4151117006618432,-0.5878881296500831,0.06419135859095496,,-0.1631942555622042,-8.504433726330832,0.04160168791853953,-0.0015977127480659272,0.10744939642906322,-0.4980287458369594,0.10030425343240677,2.8082669954155417,-0.12525312339732575,1.525978467761123,-0.09595616362986426,1.695107144669704,0.011153411002048738,0.001955264590747773,0.4615229912046268,-0.5227935439071043,-0.2841672093290504,0.878387309980172,122.415,164.455,-42.040000000000006,0.00641578090587025,0.0003800010562518734,-0.2841672093290504,-0.5227935439071043,0.0005155635754334753,-0.26897042036328683,-1.2499621326870645,0.0004213613803142222,0.017107618885915596,1.534707351891506,0.0,4.415103189493433,-0.4953095684802995,-0.09674064906202784,-0.11392082240540125,0.0031688129001887777,0.3201964665315905,0.1600739140202272,-0.03072063950158266,167.27973199329983,0.4278940098555415,,-0.16056057480258945,0.09216930297755135,4.58739837398374,-0.1738288533491122,11.893057044182445,1.2269002543091267,0.05763365246123864,0.6006558190380088,-4.572998128449885,-0.007977693689491527,,,,
2018-04-30,0.008679354011536104,4.083821164361531,0.14,0.0028907814171562456,-0.004234558241472467,0,0,0,0,0,0,0,0,0,0,0,0,0,0,0,0,0,0,0,0,0,0,0,0,0,0,0,0,0,0,0,0,0,0,0,0,0,0,0,0,0,0,0,0,0,0,0,0,0,0,0,0,0,0,0,0,0,0,0,0,0,0,1,0,0,0,0,0,0,0,0,0,0,0,0,0,0,0,0,0,0,0,0,0,0,0,10.945293890099187,0.3051363766080586,0.17067657299173164,8.356617201775871e-06,10.08101642344886,10.949602070849464,0.04992579640982518,0.03445511448538957,-0.1199059241481,-0.033479363061209896,-1.989365111105896,-0.0383595714943577,1.1101415113575934,0.08643109620278445,0.014107,-0.02375240447051149,-0.03714177134726553,0.05424009503316455,0.01053437762566317,0.29775109605132377,-0.004323341685600697,0.4151117006618432,-0.5878881296500831,0.06419135859095496,,-0.1631942555622042,-8.504433726330832,0.04160168791853953,-0.0015977127480659272,0.10744939642906322,-0.4980287458369594,0.10030425343240677,2.8082669954155417,-0.12525312339732575,1.525978467761123,-0.09595616362986426,1.695107144669704,0.011153411002048738,0.001955264590747773,0.4615229912046268,-0.5227935439071043,-0.2841672093290504,0.878387309980172,122.415,164.455,-42.040000000000006,0.00641578090587025,0.0003800010562518734,-0.2841672093290504,-0.5227935439071043,0.0005155635754334753,-0.26897042036328683,-1.2499621326870645,0.0004213613803142222,0.017107618885915596,1.534707351891506,0.0,4.415103189493433,-0.4953095684802995,-0.09674064906202784,-0.11392082240540125,0.0031688129001887777,0.3201964665315905,0.1600739140202272,-0.03072063950158266,167.27973199329983,0.4278940098555415,,-0.16056057480258945,0.09216930297755135,4.58739837398374,-0.1738288533491122,11.893057044182445,1.2269002543091267,0.05763365246123864,0.6006558190380088,-4.572998128449885,-0.007977693689491527,-0.96,-0.08300658591727737,0.0,1.0
2018-05-31,0.051800963754791804,2.772669709314439,0.14,0.026117886036739278,0.17488034959386864,0,0,0,0,0,0,0,0,0,0,0,0,0,0,0,0,0,0,0,0,0,0,0,0,0,0,0,0,0,0,0,0,0,0,0,0,0,0,0,0,0,0,0,0,0,0,0,0,0,0,0,0,0,0,0,0,0,0,0,0,0,0,1,0,0,0,0,0,0,0,0,0,0,0,0,0,0,0,0,0,0,0,0,0,0,0,0.34204043406559204,-0.009189438520814441,0.1695529131146148,0.0006821439710281006,22.20715451445563,10.946769285225576,-0.002834558241472467,0.04992579640982518,0.03445511448538957,-0.1199059241481,-1.8841721546118748,0.25782670224761095,1.1398820573500297,0.08643109620278445,0.0,0.0028907814171562456,-0.02375240447051149,-0.03714177134726553,0.05424009503316455,0.29182581886142156,-0.005164122222869384,1.0796370386597638,-0.01118573367306306,0.18195574953407986,,0.2985979342497274,-8.504433726330832,-0.14869622007359148,-0.0009079469249271252,0.10757689422355587,0.5738316549544473,0.05090874336959808,2.0484490355901377,-0.2960222911264635,1.9097462678095023,0.2514896560837019,1.4280453322610505,0.23754758756909156,0.0022046517627155662,0.4939746579602105,0.04926295600353715,-0.04016451090114059,-0.6065175097276265,102.712,164.455,-42.040000000000006,0.0,0.0072784749691788934,-0.0401645109011406,0.04926295600353715,-0.9,0.7631903049411302,4.948509485094851,-0.008210255939821876,-0.020792624437259998,1.9186959565571136,0.0,-0.9816370723256821,0.08329724267359617,0.2502031440667478,0.0011865845572880396,0.04929416461923175,0.007257322768216445,0.11748331065407824,-0.11903129335276519,168.10766045548655,0.004949365068446454,,0.24941901354615784,0.1284308550720615,-0.9420239641980657,-0.24091537712833,3.5540576030815023,1.434127558860413,-0.18695051368834237,0.5916246754487965,-4.572998128449885,0.0189946420863335,0.13,-0.05675675675675676,0.0,1.0
2018-06-29,0.005607793077780003,2.284609237653828,0.14,0.004780859075081099,0.017701109277276986,0,0,0,0,0,0,0,0,0,0,0,0,0,0,0,0,0,0,0,0,0,0,0,0,0,0,0,0,0,0,0,0,0,0,0,0,0,0,0,0,0,0,0,0,0,0,0,0,0,0,0,0,0,0,0,0,0,0,0,0,0,0,1,0,0,0,0,0,0,0,0,0,0,0,0,0,0,0,0,0,0,0,0,0,0,0,3.078363906590389,0.036546984733566545,0.1735463419447432,2.2856613495785297e-05,21.046028300985327,11.129301052943232,0.17628034959386865,-0.002834558241472467,0.04992579640982518,0.03445511448538957,-1.9359608685477256,0.24247269703949836,1.1820836942633304,0.1337061745722775,0.004598,0.026117886036739278,0.0028907814171562456,-0.02375240447051149,-0.03714177134726553,0.27682434111788967,-0.004646662275002642,1.0796370386597638,-0.01118573367306306,0.18195574953407986,,0.2985979342497274,,-0.14869622007359148,-0.0009079469249271252,0.10757689422355587,0.5738316549544473,0.05090874336959808,2.0484490355901377,-0.2960222911264635,1.9097462678095023,0.2514896560837019,1.4280453322610505,0.23754758756909156,0.0022046517627155662,0.4939746579602105,0.04926295600353715,-0.04016451090114059,-0.6065175097276265,102.712,,,0.0,0.0072784749691788934,-0.0401645109011406,0.04926295600353715,-0.9,0.7631903049411302,4.948509485094851,-0.008210255939821876,-0.020792624437259998,1.9186959565571136,0.0,-0.9816370723256821,0.08329724267359617,0.2502031440667478,0.0011865845572880396,0.04929416461923175,0.007257322768216445,0.11748331065407824,-0.11903129335276519,168.10766045548655,0.004949365068446454,,0.24941901354615784,0.1284308550720615,-0.9420239641980657,-0.24091537712833,3.5540576030815023,1.434127558860413,-0.18695051368834237,0.5916246754487965,,0.0189946420863335,0.13,-0.05675675675675676,0.0,1.0
2018-07-31,0.07651002717060924,0.9095663391717956,0.16,0.031351100139685985,-0.09403129799126171,0,0,0,0,0,0,0,0,0,0,0,0,0,0,0,0,0,0,0,0,0,0,0,0,0,0,0,0,0,0,0,0,0,0,0,0,0,0,0,0,0,0,0,0,0,0,0,0,0,0,0,0,0,0,0,0,0,0,0,0,0,0,1,0,0,0,0,0,0,0,0,0,0,0,0,0,0,0,0,0,0,0,0,0,0,0,8.893051285705635,-0.6794087731345761,0.16840487637775725,0.0009828914799686185,2.5735303395988014,11.148401224316652,0.019101109277276984,0.17628034959386865,-0.002834558241472467,0.04992579640982518,-1.852396129518693,0.10011560263841146,1.0628407387925989,0.1337061745722775,0.021505,0.004780859075081099,0.026117886036739278,0.0028907814171562456,-0.02375240447051149,0.23965984546277963,-0.004508427251800143,1.0796370386597638,-0.01118573367306306,0.18195574953407986,,0.2985979342497274,,-0.14869622007359148,-0.0009079469249271252,0.10757689422355587,0.5738316549544473,0.05090874336959808,2.0484490355901377,-0.2960222911264635,1.9097462678095023,0.2514896560837019,1.4280453322610505,0.23754758756909156,0.0022046517627155662,0.4939746579602105,0.04926295600353715,-0.04016451090114059,-0.6065175097276265,102.712,,,0.0,0.0072784749691788934,-0.0401645109011406,0.04926295600353715,-0.9,0.7631903049411302,4.948509485094851,-0.008210255939821876,-0.020792624437259998,1.9186959565571136,0.0,-0.9816370723256821,0.08329724267359617,0.2502031440667478,0.0011865845572880396,0.04929416461923175,0.007257322768216445,0.11748331065407824,-0.11903129335276519,168.10766045548655,0.004949365068446454,,0.24941901354615784,0.1284308550720615,-0.9420239641980657,-0.24091537712833,3.5540576030815023,1.434127558860413,-0.18695051368834237,0.5916246754487965,,0.0189946420863335,0.13,-0.05675675675675676,0.0,1.0
2018-08-31,0.055400766211707274,1.9962612709788126,0.16,0.03376714383729135,-0.1655162186898381,0,0,0,0,0,0,0,0,0,0,0,0,0,0,0,0,0,0,0,0,0,0,0,0,0,0,0,0,0,0,0,0,0,0,0,0,0,0,0,0,0,0,0,0,0,0,0,0,0,0,0,0,0,0,0,0,0,0,0,0,0,0,1,0,0,0,0,0,0,0,0,0,0,0,0,0,0,0,0,0,0,0,0,0,0,0,6.156727813180778,-0.7342577715541367,0.16818419794231274,0.001140220002928323,1.4506236930160048,11.057247531189487,-0.09243129799126171,0.019101109277276984,0.17628034959386865,-0.002834558241472467,-1.5628310604533058,-0.06096605780995416,1.0898127755334586,0.1337061745722775,0.012125,0.031351100139685985,0.004780859075081099,0.026117886036739278,0.0028907814171562456,0.23879970706593967,-0.00421197797090058,1.044698603931784,-0.10494391202611039,0.1684641285504734,,-0.04110404914448102,,-0.09637118282437661,-9.167889051873545e-05,0.10142841914508048,-0.09720664423436416,0.029587278303773813,1.6965836209547156,0.00910097792583553,1.775649440695202,-0.07021709081181282,1.0051663584751231,-0.07696859581277503,0.002216025184542072,0.4931237527395702,0.03610243796111445,-0.04439382596091057,-0.6286066150598171,99.77099999999999,,,0.0,-0.011412899734990366,-0.04439382596091059,0.03610243796111445,0.004991948470209229,-0.5652635962833715,-0.734424738517508,0.0017203204893354105,-0.010756028087698436,1.784191550337432,0.0,10.430817610062892,-0.48475844613183705,-0.07010199076097223,-0.05715423486476778,0.025823818412882615,-0.11915267907572502,-0.11012137078677742,9.447129114881214e-05,147.52754237288133,-0.12242225028201292,,-0.053632584144379485,0.1280915634800494,10.58805031446541,-0.3621647604983609,3.4449611636075788,1.2709302962273448,-0.14240849302921332,0.5807234214561943,,-0.006784544518881967,0.43,-0.028050490883590466,0.0,1.0
2018-09-28,0.13629466121788608,1.5543983336003844,0.15,0.0005977980821461198,-0.1877874515852187,0,0,0,0,0,0,0,0,0,0,0,0,0,0,0,0,0,0,0,0,0,0,0,0,0,0,0,0,0,0,0,0,0,0,0,0,0,0,0,0,0,0,0,0,0,0,0,0,0,0,0,0,0,0,0,0,0,0,0,0,0,0,1,0,0,0,0,0,0,0,0,0,0,0,0,0,0,0,0,0,0,0,0,0,0,0,1.3681617362623983,-1.0804472393115863,0.16741631924791223,3.5736254701757905e-07,1.5732513468914169,10.889494440930207,-0.1639162186898381,-0.09243129799126171,0.019101109277276984,0.17628034959386865,-1.389126395548504,-0.4235338589890415,0.9649676808908916,0.1337061745722775,-0.015449,0.03376714383729135,0.031351100139685985,0.004780859075081099,0.026117886036739278,0.23712987023199594,-0.0048420025827098385,1.044698603931784,-0.10494391202611039,0.1684641285504734,,-0.04110404914448102,,-0.09637118282437661,-9.167889051873545e-05,0.10142841914508048,-0.09720664423436416,0.029587278303773813,1.6965836209547156,0.00910097792583553,1.775649440695202,-0.07021709081181282,1.0051663584751231,-0.07696859581277503,0.002216025184542072,0.4931237527395702,0.03610243796111445,-0.04439382596091057,-0.6286066150598171,99.77099999999999,,,0.0,-0.011412899734990366,-0.04439382596091059,0.03610243796111445,0.004991948470209229,-0.5652635962833715,-0.734424738517508,0.0017203204893354105,-0.010756028087698436,1.784191550337432,0.0,10.430817610062892,-0.48475844613183705,-0.07010199076097223,-0.05715423486476778,0.025823818412882615,-0.11915267907572502,-0.11012137078677742,9.447129114881214e-05,147.52754237288133,-0.12242225028201292,,-0.053632584144379485,0.1280915634800494,10.58805031446541,-0.3621647604983609,3.4449611636075788,1.2709302962273448,-0.14240849302921332,0.5807234214561943,,-0.006784544518881967,-0.08999999999999997,-0.10098176718092566,0.0,1.0
2018-10-31,0.1747754500305407,1.3001762538054797,0.19,-0.07975343920486411,-0.2651075300214922,0,0,0,0,0,0,0,0,0,0,0,0,0,0,0,0,0,0,0,0,0,0,0,0,0,0,0,0,0,0,0,0,0,0,0,0,0,0,0,0,0,0,0,0,0,0,0,0,0,0,0,0,0,0,0,0,0,0,0,0,0,0,1,0,0,0,0,0,0,0,0,0,0,0,0,0,0,0,0,0,0,0,0,0,0,0,2.3942830384591747,-0.8397057900919636,0.16958444953917462,0.006360611065003955,0.2521376480210904,10.703206939360248,-0.1862874515852187,-0.1639162186898381,-0.09243129799126171,0.019101109277276984,-1.1260719661342038,-0.7058424982878106,0.946622151685304,0.08688708682969447,0.077269,0.0005977980821461198,0.03376714383729135,0.031351100139685985,0.004780859075081099,0.23599921890762465,-0.004489622678462969,1.044698603931784,-0.10494391202611039,0.1684641285504734,,-0.04110404914448102,,-0.09637118282437661,-9.167889051873545e-05,0.10142841914508048,-0.09720664423436416,0.029587278303773813,1.6965836209547156,0.00910097792583553,1.775649440695202,-0.07021709081181282,1.0051663584751231,-0.07696859581277503,0.002216025184542072,0.4931237527395702,0.03610243796111445,-0.04439382596091057,-0.6286066150598171,99.77099999999999,,,0.0,-0.011412899734990366,-0.04439382596091059,0.03610243796111445,0.004991948470209229,-0.5652635962833715,-0.734424738517508,0.0017203204893354105,-0.010756028087698436,1.784191550337432,0.0,10.430817610062892,-0.48475844613183705,-0.07010199076097223,-0.05715423486476778,0.025823818412882615,-0.11915267907572502,-0.11012137078677742,9.447129114881214e-05,147.52754237288133,-0.12242225028201292,,-0.053632584144379485,0.1280915634800494,10.58805031446541,-0.3621647604983609,3.4449611636075788,1.2709302962273448,-0.14240849302921332,0.5807234214561943,,-0.006784544518881967,-0.14,-0.10799438990182329,0.0,1.0
2018-11-30,0.03204704886258587,5.014242467579922,0.18,0.01672730461388356,-0.5242487267471813,0,0,0,0,0,0,0,0,0,0,0,0,0,0,0,0,0,0,0,0,0,0,0,0,0,0,0,0,0,0,0,0,0,0,0,0,0,0,0,0,0,0,0,0,0,0,0,0,0,0,0,0,0,0,0,0,0,0,0,0,0,0,1,0,0,0,0,0,0,0,0,0,0,0,0,0,0,0,0,0,0,0,0,0,0,0,1.7102021703279904,0.3134405431862535,0.1744010954111227,0.00027980271964565026,-25.63687950030819,10.440000805893968,-0.26320753002149216,-0.1862874515852187,-0.1639162186898381,-0.09243129799126171,-1.2925913015582293,-1.1358599270437302,0.865602419986224,0.08688708682969447,0.0048,-0.07975343920486411,0.0005977980821461198,0.03376714383729135,0.031351100139685985,0.20664501875260322,-0.004127080463972527,1.2444458659994835,-0.4138949950012357,0.09782352553045084,,-0.07105781122084619,,-0.056980459802618504,0.0006126931161571888,0.13385653513275633,-0.22390158377179983,0.046687215451177815,2.5750027696159457,-0.023049238073359346,1.6376666351517446,-0.07770835975902668,1.4260270341427492,-0.028004788432353968,0.0018210022116228273,0.23846310939846205,-0.15727381880925803,-0.11580710761434854,0.7515451174289245,95.711,,,0.0,-0.0028021601393189884,-0.11580710761434855,-0.15727381880925803,0.0020829995193076822,-0.05111027237843618,-4.759162303664921,-0.07094279237231631,-0.06974042923884707,1.647631653587974,0.0,1.5386519944979367,-1.9184671830411733,-0.07653880925712897,0.3197142996115472,-0.025894460297435473,-0.2275049279702246,-0.07330592651173662,-0.3010171898545795,118.41340782122904,-0.19734711283988737,,-0.08321109481264169,0.10743104267550753,1.373314993122421,-0.691529370711861,6.127192137213336,1.1764880016281523,-0.08681228727758383,0.5335661001611854,,-0.0053822496098990345,0.43,-0.14049586776859505,0.0,1.0
2018-12-31,0.01106050795956283,7.096866005756316,0.19,-0.10017456926834051,-0.29678735088239094,0,0,0,0,0,0,0,0,0,0,0,0,0,0,0,0,0,0,0,0,0,0,0,0,0,0,0,0,0,0,0,0,0,0,0,0,0,0,0,0,0,0,0,0,0,0,0,0,0,0,0,0,0,0,0,0,0,0,0,0,0,0,1,0,0,0,0,0,0,0,0,0,0,0,0,0,0,0,0,0,0,0,0,0,0,0,2.394283038459205,0.6299829879336958,0.1906890490018514,0.01003494432809755,-14.684707463820963,9.919631534359432,-0.5224487267471812,-0.26320753002149216,-0.1862874515852187,-0.1639162186898381,-1.2856064146249777,-1.266831059236283,0.6473813420345489,0.08688708682969447,-0.02471,0.01672730461388356,-0.07975343920486411,0.0005977980821461198,0.03376714383729135,0.16829760802285942,-0.004112253039575008,1.2444458659994835,-0.4138949950012357,0.09782352553045084,,-0.07105781122084619,,-0.056980459802618504,0.0006126931161571888,0.13385653513275633,-0.22390158377179983,0.046687215451177815,2.5750027696159457,-0.023049238073359346,1.6376666351517446,-0.07770835975902668,1.4260270341427492,-0.028004788432353968,0.0018210022116228273,0.23846310939846205,-0.15727381880925803,-0.11580710761434854,0.7515451174289245,95.711,,,0.0,-0.0028021601393189884,-0.11580710761434855,-0.15727381880925803,0.0020829995193076822,-0.05111027237843618,-4.759162303664921,-0.07094279237231631,-0.06974042923884707,1.647631653587974,0.0,1.5386519944979367,-1.9184671830411733,-0.07653880925712897,0.3197142996115472,-0.025894460297435473,-0.2275049279702246,-0.07330592651173662,-0.3010171898545795,118.41340782122904,-0.19734711283988737,,-0.08321109481264169,0.10743104267550753,1.373314993122421,-0.691529370711861,6.127192137213336,1.1764880016281523,-0.08681228727758383,0.5335661001611854,,-0.0053822496098990345,0.43,-0.14049586776859505,0.0,1.0
2019-01-31,0.019995392390664297,1.4083466581387911,0.21,0.08058536661860789,0.26153474314720965,0,0,0,0,0,0,0,0,0,0,0,0,0,0,0,0,0,0,0,0,0,0,0,0,0,0,0,0,0,0,0,0,0,0,0,0,0,0,0,0,0,0,0,0,0,0,0,0,0,0,0,0,0,0,0,0,0,0,0,0,0,0,1,0,0,0,0,0,0,0,0,0,0,0,0,0,0,0,0,0,0,0,0,0,0,0,8.89305128570559,1.1905103482746524,0.18624556633763903,0.006494001313055444,-20.66900256240686,9.624744078186382,-0.29488735088239093,-0.5224487267471812,-0.26320753002149216,-0.1862874515852187,-1.3006784795355317,-0.8169088645038547,0.4409037974515304,0.08688708682969447,0.023323,-0.10017456926834051,0.01672730461388356,-0.07975343920486411,0.0005977980821461198,0.1929553486870852,0.0010546839448743288,1.2444458659994835,-0.4138949950012357,0.09782352553045084,,-0.07105781122084619,,-0.056980459802618504,0.0006126931161571888,0.13385653513275633,-0.22390158377179983,0.046687215451177815,2.5750027696159457,-0.023049238073359346,1.6376666351517446,-0.07770835975902668,1.4260270341427492,-0.028004788432353968,0.0018210022116228273,0.23846310939846205,-0.15727381880925803,-0.11580710761434854,0.7515451174289245,95.711,,,0.0,-0.0028021601393189884,-0.11580710761434855,-0.15727381880925803,0.0020829995193076822,-0.05111027237843618,-4.759162303664921,-0.07094279237231631,-0.06974042923884707,1.647631653587974,0.0,1.5386519944979367,-1.9184671830411733,-0.07653880925712897,0.3197142996115472,-0.025894460297435473,-0.2275049279702246,-0.07330592651173662,-0.3010171898545795,118.41340782122904,-0.19734711283988737,,-0.08321109481264169,0.10743104267550753,1.373314993122421,-0.691529370711861,6.127192137213336,1.1764880016281523,-0.08681228727758383,0.5335661001611854,,-0.0053822496098990345,0.28,-0.2024793388429752,0.0,1.0
2019-02-28,0.03557247155273373,1.441701311160857,0.18,0.03337407500765408,0.2167616016928413,0,0,0,0,0,0,0,0,0,0,0,0,0,0,0,0,0,0,0,0,0,0,0,0,0,0,0,0,0,0,0,0,0,0,0,0,0,0,0,0,0,0,0,0,0,0,0,0,0,0,0,0,0,0,0,0,0,0,0,0,0,0,1,0,0,0,0,0,0,0,0,0,0,0,0,0,0,0,0,0,0,0,0,0,0,0,1.0261213021968063,1.7756791914591403,0.16028685355227876,0.0011138288826165208,-2.7660397713404095,9.888378990855328,0.26363474314720964,-0.29488735088239093,-0.5224487267471812,-0.26320753002149216,-1.5410325655543444,-0.33513973278952125,0.836089215112336,0.1632802963836345,-0.056426,0.08058536661860789,-0.10017456926834051,0.01672730461388356,-0.07975343920486411,0.10990499004329646,0.0005357811656259619,1.2444458659994835,-0.4138949950012357,0.09782352553045084,,-0.07105781122084619,,-0.056980459802618504,0.0006126931161571888,0.13385653513275633,-0.22390158377179983,0.046687215451177815,2.5750027696159457,-0.023049238073359346,1.6376666351517446,-0.07770835975902668,1.4260270341427492,-0.028004788432353968,0.0018210022116228273,0.23846310939846205,-0.15727381880925803,-0.11580710761434854,0.7515451174289245,95.711,,,0.0,-0.0028021601393189884,-0.11580710761434855,-0.15727381880925803,0.0020829995193076822,-0.05111027237843618,-4.759162303664921,-0.07094279237231631,-0.06974042923884707,1.647631653587974,0.0,1.5386519944979367,-1.9184671830411733,-0.07653880925712897,0.3197142996115472,-0.025894460297435473,-0.2275049279702246,-0.07330592651173662,-0.3010171898545795,118.41340782122904,-0.19734711283988737,,-0.08321109481264169,0.10743104267550753,1.373314993122421,-0.691529370711861,6.127192137213336,1.1764880016281523,-0.08681228727758383,0.5335661001611854,,-0.0053822496098990345,0.28,-0.2024793388429752,0.0,1.0
2019-03-29,0.06768227836543866,0.6813399883697798,0.19,0.010917503710614342,-0.09529980363155344,0,0,0,0,0,0,0,0,0,0,0,0,0,0,0,0,0,0,0,0,0,0,0,0,0,0,0,0,0,0,0,0,0,0,0,0,0,0,0,0,0,0,0,0,0,0,0,0,0,0,0,0,0,0,0,0,0,0,0,0,0,0,1,0,0,0,0,0,0,0,0,0,0,0,0,0,0,0,0,0,0,0,0,0,0,0,2.394283038459205,2.0566833608715607,0.134735291039946,0.00011919188727127792,3.831381524529471,10.106940632664426,0.2185616016928413,0.26363474314720964,-0.29488735088239093,-0.5224487267471812,-1.729651130939849,0.09390919032610646,0.8455270843268865,0.21949223147797317,0.033548,0.03337407500765408,0.08058536661860789,-0.10017456926834051,0.01672730461388356,0.11147089333795834,0.00046384285298397437,1.2229087228116917,-1.2663374963694454,0.1668224485719992,,0.023871772779939987,-4.55654630782492,0.05290992610345514,-0.0006311164369882166,0.11572984108298999,0.10832255168589762,0.044921110445376514,8.887333984632852,0.1725627492989148,1.9302093718843472,0.1786338748395493,4.634634172101498,0.08645496305172758,0.0018444877615967402,0.23962747656967776,-0.6060386026984923,0.17990555099963235,0.9924206537186169,104.29299999999999,119.01199999999999,-14.718999999999994,-0.6498810656517604,0.0523652108126757,0.17990555099963237,-0.6060386026984923,0.0009593859929646342,0.1655723462135563,0.10771095288592636,-0.020341411456418473,0.03953634845461738,1.938480853735091,0.0,0.039445166883398386,0.19443490209549924,0.17652562058622,-0.13541882009562434,-0.002628479901787939,0.254059995328084,0.05691995552373608,0.3462089148500055,153.29912663755456,0.2946095333139398,,0.015468144670983798,0.10796024271573727,-0.08891417425227569,-1.9575291104480768,3.36227372857006,1.2404332002402743,0.10415487198842555,0.5501833912522468,-4.043937441057006,0.04620706043883505,-0.28,-0.21568627450980393,0.0,1.0
2019-04-30,0.10422399384223817,0.40242578997765754,0.21,0.038753994008266124,-0.05678731606126971,0,0,0,0,0,0,0,0,0,0,0,0,0,0,0,0,0,0,0,0,0,0,0,0,0,0,0,0,0,0,0,0,0,0,0,0,0,0,0,0,0,0,0,0,0,0,0,0,0,0,0,0,0,0,0,0,0,0,0,0,0,0,1,0,0,0,0,0,0,0,0,0,0,0,0,0,0,0,0,0,0,0,0,0,0,0,0.6840808681311992,2.0313139763663304,0.13492342432823112,0.0015018720515927266,4.022259276208505,10.015459067303684,-0.09339980363155344,0.2185616016928413,0.26363474314720964,-0.29488735088239093,-2.052149130452575,0.3341092251472277,0.9136903649103585,0.21949223147797317,0.012658,0.010917503710614342,0.03337407500765408,0.08058536661860789,-0.10017456926834051,0.16318393429115996,0.0004536895295641467,1.2229087228116917,-1.2663374963694454,0.1668224485719992,,0.023871772779939987,-4.55654630782492,0.05290992610345514,-0.0006311164369882166,0.11572984108298999,0.10832255168589762,0.044921110445376514,8.887333984632852,0.1725627492989148,1.9302093718843472,0.1786338748395493,4.634634172101498,0.08645496305172758,0.0018444877615967402,0.23962747656967776,-0.6060386026984923,0.17990555099963235,0.9924206537186169,104.29299999999999,119.01199999999999,-14.718999999999994,-0.6498810656517604,0.0523652108126757,0.17990555099963237,-0.6060386026984923,0.0009593859929646342,0.1655723462135563,0.10771095288592636,-0.020341411456418473,0.03953634845461738,1.938480853735091,0.0,0.039445166883398386,0.19443490209549924,0.17652562058622,-0.13541882009562434,-0.002628479901787939,0.254059995328084,0.05691995552373608,0.3462089148500055,153.29912663755456,0.2946095333139398,,0.015468144670983798,0.10796024271573727,-0.08891417425227569,-1.9575291104480768,3.36227372857006,1.2404332002402743,0.10415487198842555,0.5501833912522468,-4.043937441057006,0.04620706043883505,-0.28,-0.21568627450980393,0.0,1.0
2019-05-31,0.18040314971225618,0.3819800392627532,0.21,-0.07177167324931927,-0.14835683698678281,0,0,0,0,0,0,0,0,0,0,0,0,0,0,0,0,0,0,0,0,0,0,0,0,0,0,0,0,0,0,0,0,0,0,0,0,0,0,0,0,0,0,0,0,0,0,0,0,0,0,0,0,0,0,0,0,0,0,0,0,0,0,1,0,0,0,0,0,0,0,0,0,0,0,0,0,0,0,0,0,0,0,0,0,0,0,2.394283038459205,1.9853478427406936,0.13527368232669235,0.005151173081007051,3.9394771269984687,9.960769181007064,-0.05468731606126971,-0.09339980363155344,0.2185616016928413,0.26363474314720964,-2.017654368508814,-0.07578235498676478,0.9573176477125289,0.21949223147797317,-0.004098,0.038753994008266124,0.010917503710614342,0.03337407500765408,0.08058536661860789,0.17942884806445392,0.0011701910236645576,1.3858620822770962,-1.4298269954017657,0.15677379268009672,,-0.07753852866070397,-3.6567027982045643,-0.08280369214184653,-0.00046413786391777276,0.04104870619715904,-0.6044146802124901,0.018587972840448844,6.964061745291513,0.15762500371371702,1.6883557892430716,-0.12529914431260292,2.642945836812951,-0.07977182383722235,0.0018894579267081213,0.24266234389458635,-0.12828229074370218,0.06715398442180942,-0.6097388849682428,112.63899999999998,112.785,-0.146000000000015,-0.9900808478836868,-0.005892873150419026,0.0671539844218094,-0.12828229074370218,0.0014376996805112174,-0.2564327979712595,-1.0899772209567198,0.14403834631515866,0.3970247055246292,1.6954029283966847,0.0,0.6680567139282734,0.527639784377973,-0.12539609296116627,-0.6453057758221323,0.034900536613125865,-0.01914655975762858,-0.020689128924795797,-0.17857479458113035,149.36868686868686,-0.025639022576824266,,-0.10806470940683044,0.110329919210388,0.7051188490408673,-0.9850614356446039,2.824467577117754,1.210700835107254,-0.15753941690048567,0.5605527507654533,-3.7429559247135127,-0.0630017519848903,-0.10999999999999999,-0.39999999999999997,0.0,1.0
2019-06-28,0.10252178533084275,1.0363839285714291,0.18,0.06688615778844686,-0.28496270502688925,0,0,0,0,0,0,0,0,0,0,0,0,0,0,0,0,0,0,0,0,0,0,0,0,0,0,0,0,0,0,0,0,0,0,0,0,0,0,0,0,0,0,0,0,0,0,0,0,0,0,0,0,0,0,0,0,0,0,0,0,0,0,1,0,0,0,0,0,0,0,0,0,0,0,0,0,0,0,0,0,0,0,0,0,0,0,3.420404340655996,1.8759822419006422,0.13520209460881738,0.004473758103701011,5.415233862700902,9.815468424299375,-0.14625683698678282,-0.05468731606126971,-0.09339980363155344,0.2185616016928413,-1.1440194618626527,-0.5775066617064953,0.8257737783798249,0.1670991513724426,0.003089,-0.07177167324931927,0.038753994008266124,0.010917503710614342,0.03337407500765408,0.19149122870170487,0.00047798735337846194,1.3858620822770962,-1.4298269954017657,0.15677379268009672,,-0.07753852866070397,-3.6567027982045643,-0.08280369214184653,-0.00046413786391777276,0.04104870619715904,-0.6044146802124901,0.018587972840448844,6.964061745291513,0.15762500371371702,1.6883557892430716,-0.12529914431260292,2.642945836812951,-0.07977182383722235,0.0018894579267081213,0.24266234389458635,-0.12828229074370218,0.06715398442180942,-0.6097388849682428,112.63899999999998,112.785,-0.146000000000015,-0.9900808478836868,-0.005892873150419026,0.0671539844218094,-0.12828229074370218,0.0014376996805112174,-0.2564327979712595,-1.0899772209567198,0.14403834631515866,0.3970247055246292,1.6954029283966847,0.0,0.6680567139282734,0.527639784377973,-0.12539609296116627,-0.6453057758221323,0.034900536613125865,-0.01914655975762858,-0.020689128924795797,-0.17857479458113035,149.36868686868686,-0.025639022576824266,,-0.10806470940683044,0.110329919210388,0.7051188490408673,-0.9850614356446039,2.824467577117754,1.210700835107254,-0.15753941690048567,0.5605527507654533,-3.7429559247135127,-0.0630017519848903,-0.10999999999999999,-0.39999999999999997,0.0,1.0
2019-07-31,0.5202082009730303,0.34428066670351487,0.19,0.011805647056111966,0.2743528973806422,0,0,0,0,0,0,0,0,0,0,0,0,0,0,0,0,0,0,0,0,0,0,0,0,0,0,0,0,0,0,0,0,0,0,0,0,0,0,0,0,0,0,0,0,0,0,0,0,0,0,0,0,0,0,0,0,0,0,0,0,0,0,1,0,0,0,0,0,0,0,0,0,0,0,0,0,0,0,0,0,0,0,0,0,0,0,1.0261213021968063,1.4445179895697065,0.14666091309303994,0.00013937330241348513,-5.073959587439257,9.532307922394514,-0.2831627050268892,-0.14625683698678282,-0.05468731606126971,-0.09339980363155344,-1.4003560130630932,-0.20785396069429962,0.559944672803397,0.14250300959292708,-0.015512,0.06688615778844686,-0.07177167324931927,0.038753994008266124,0.010917503710614342,0.3259529917959829,0.0005796297743274934,1.3858620822770962,-1.4298269954017657,0.15677379268009672,,-0.07753852866070397,-3.6567027982045643,-0.08280369214184653,-0.00046413786391777276,0.04104870619715904,-0.6044146802124901,0.018587972840448844,6.964061745291513,0.15762500371371702,1.6883557892430716,-0.12529914431260292,2.642945836812951,-0.07977182383722235,0.0018894579267081213,0.24266234389458635,-0.12828229074370218,0.06715398442180942,-0.6097388849682428,112.63899999999998,112.785,-0.146000000000015,-0.9900808478836868,-0.005892873150419026,0.0671539844218094,-0.12828229074370218,0.0014376996805112174,-0.2564327979712595,-1.0899772209567198,0.14403834631515866,0.3970247055246292,1.6954029283966847,0.0,0.6680567139282734,0.527639784377973,-0.12539609296116627,-0.6453057758221323,0.034900536613125865,-0.01914655975762858,-0.020689128924795797,-0.17857479458113035,149.36868686868686,-0.025639022576824266,,-0.10806470940683044,0.110329919210388,0.7051188490408673,-0.9850614356446039,2.824467577117754,1.210700835107254,-0.15753941690048567,0.5605527507654533,-3.7429559247135127,-0.0630017519848903,,,,
2019-08-30,0.03718832103936644,2.280293341681135,0.16,-0.026097631600400236,0.23027774603138576,0,0,0,0,0,0,0,0,0,0,0,0,0,0,0,0,0,0,0,0,0,0,0,0,0,0,0,0,0,0,0,0,0,0,0,0,0,0,0,0,0,0,0,0,0,0,0,0,0,0,0,0,0,0,0,0,0,0,0,0,0,0,1,0,0,0,0,0,0,0,0,0,0,0,0,0,0,0,0,0,0,0,0,0,0,0,2.3942830384591898,1.4027261126633253,0.15729836138668032,0.000681086375150209,-8.766305229592179,9.80935817530996,0.27625289738064224,-0.2831627050268892,-0.14625683698678282,-0.05468731606126971,-1.5368378601321309,0.07871110139835583,0.7027070347451814,0.2528164140735644,-0.000861,0.011805647056111966,0.06688615778844686,-0.07177167324931927,0.038753994008266124,0.35787168050313256,-0.0002872642290239278,1.867802278189989,-2.508581111416861,0.3089206786749679,,-0.016571296265669964,-1.9812205128205125,-0.035359536143719394,0.00018218398998780133,0.038075682018187146,-0.27539212420525144,0.04033395117469067,10.946529175778815,-0.030110741829100895,1.7487858719646798,0.035792267901483266,3.9600561936072527,-0.15152955341159324,0.0020490958566285523,0.2425134600532387,1.1098961576896895,-0.05491050373930417,-0.6894912030432716,87.246,107.387,-20.141000000000005,136.9520547945064,-0.039740244797165813,-0.0549105037393042,1.1098961576896895,0.0012761205933959907,0.17781516293018323,-0.910958904109589,0.0009058174440976873,-0.11326826299310555,1.7569937788480836,0.0,0.0825625000000001,0.09134982268707639,0.03632814914956195,-0.0724267450645657,-0.04934776660331219,-0.13505463846635624,0.06465693858232069,-0.028913962291888695,130.51551312649164,-0.12621904990548283,,-0.028469617685149835,0.11016391173571474,0.11884375,-1.082378669601865,1.4022051282051282,1.3017376815044037,-0.07546914623837697,0.693083527398888,-2.6224811079084023,-0.04562109867191912,,,,
2019-09-30,0.13451262555116467,1.0562101910828026,0.18,0.014171769509698666,-0.18324843657537068,0,0,0,0,0,0,0,0,0,0,0,0,0,0,0,0,0,0,0,0,0,0,0,0,0,0,0,0,0,0,0,0,0,0,0,0,0,0,0,0,0,0,0,0,0,0,0,0,0,0,0,0,0,0,0,0,0,0,0,0,0,0,1,0,0,0,0,0,0,0,0,0,0,0,0,0,0,0,0,0,0,0,0,0,0,0,4.446525642852787,1.144519003438201,0.16722751027861235,0.00020083905103602476,-11.949328597887414,10.041713707497642,0.23187774603138575,0.27625289738064224,-0.2831627050268892,-0.14625683698678282,-1.5671339220472817,0.04351950180976796,0.6478542699526523,0.2572551288530792,-0.042448,-0.026097631600400236,0.011805647056111966,0.06688615778844686,-0.07177167324931927,0.3374515241637476,-0.00018397301965775268,1.867802278189989,-2.508581111416861,0.3089206786749679,,-0.016571296265669964,-1.9812205128205125,-0.035359536143719394,0.00018218398998780133,0.038075682018187146,-0.27539212420525144,0.04033395117469067,10.946529175778815,-0.030110741829100895,1.7487858719646798,0.035792267901483266,3.9600561936072527,-0.15152955341159324,0.0020490958566285523,0.2425134600532387,1.1098961576896895,-0.05491050373930417,-0.6894912030432716,87.246,107.387,-20.141000000000005,136.9520547945064,-0.039740244797165813,-0.0549105037393042,1.1098961576896895,0.0012761205933959907,0.17781516293018323,-0.910958904109589,0.0009058174440976873,-0.11326826299310555,1.7569937788480836,0.0,0.0825625000000001,0.09134982268707639,0.03632814914956195,-0.0724267450645657,-0.04934776660331219,-0.13505463846635624,0.06465693858232069,-0.028913962291888695,130.51551312649164,-0.12621904990548283,,-0.028469617685149835,0.11016391173571474,0.11884375,-1.082378669601865,1.4022051282051282,1.3017376815044037,-0.07546914623837697,0.693083527398888,-2.6224811079084023,-0.04562109867191912,0.55,-0.10819672131147542,0.0,1.0
2019-10-31,0.0683363209532799,2.3712101910828025,0.15,0.020359334352893527,-0.1345626583151814,0,0,0,0,0,0,0,0,0,0,0,0,0,0,0,0,0,0,0,0,0,0,0,0,0,0,0,0,0,0,0,0,0,0,0,0,0,0,0,0,0,0,0,0,0,0,0,0,0,0,0,0,0,0,0,0,0,0,0,0,0,0,1,0,0,0,0,0,0,0,0,0,0,0,0,0,0,0,0,0,0,0,0,0,0,0,2.3942830384591898,1.110272765051335,0.16863453578591267,0.0004145024952929105,-10.420446282338395,9.860266850081565,-0.1814484365753707,0.23187774603138575,0.27625289738064224,-0.2831627050268892,-1.7133915556607069,0.19361954852147575,0.11642081887861111,0.2572551288530792,-0.006823,0.014171769509698666,-0.026097631600400236,0.011805647056111966,0.06688615778844686,0.3531286212668685,0.0009921851475982256,1.867802278189989,-2.508581111416861,0.3089206786749679,,-0.016571296265669964,-1.9812205128205125,-0.035359536143719394,0.00018218398998780133,0.038075682018187146,-0.27539212420525144,0.04033395117469067,10.946529175778815,-0.030110741829100895,1.7487858719646798,0.035792267901483266,3.9600561936072527,-0.15152955341159324,0.0020490958566285523,0.2425134600532387,1.1098961576896895,-0.05491050373930417,-0.6894912030432716,87.246,107.387,-20.141000000000005,136.9520547945064,-0.039740244797165813,-0.0549105037393042,1.1098961576896895,0.0012761205933959907,0.17781516293018323,-0.910958904109589,0.0009058174440976873,-0.11326826299310555,1.7569937788480836,0.0,0.0825625000000001,0.09134982268707639,0.03632814914956195,-0.0724267450645657,-0.04934776660331219,-0.13505463846635624,0.06465693858232069,-0.028913962291888695,130.51551312649164,-0.12621904990548283,,-0.028469617685149835,0.11016391173571474,0.11884375,-1.082378669601865,1.4022051282051282,1.3017376815044037,-0.07546914623837697,0.693083527398888,-2.6224811079084023,-0.04562109867191912,0.55,-0.10819672131147542,0.0,1.0
2019-11-29,0.2793791025519213,0.4289076938631082,0.12,0.03792455468405008,0.09513065961967164,0,0,0,0,0,0,0,0,0,0,0,0,0,0,0,0,0,0,0,0,0,0,0,0,0,0,0,0,0,0,0,0,0,0,0,0,0,0,0,0,0,0,0,0,0,0,0,0,0,0,0,0,0,0,0,0,0,0,0,0,0,0,1,0,0,0,0,0,0,0,0,0,0,0,0,0,0,0,0,0,0,0,0,0,0,0,2.0522426043935975,1.0743698170059615,0.16941761851702355,0.001438271847983505,-9.94696627124152,9.727203731874402,-0.1330626583151814,-0.1814484365753707,0.23187774603138575,0.27625289738064224,-1.8577169064002543,0.013697310760505163,-0.29879737812814744,0.2572551288530792,0.02443,0.020359334352893527,0.014171769509698666,-0.026097631600400236,0.011805647056111966,0.34226828504597995,0.000829230267851636,0.5008846528245778,-2.104033307311996,0.2829959875167187,,-0.03294226353810831,-1.8796710567773651,-0.029175211769950943,-1.7833259028087398e-05,0.04351072495248439,-0.3116315378610461,0.0491395452518948,7.434608378870673,-0.05496642741375313,1.7433718861209966,-0.003095854061081149,2.6757220921155347,-0.1369861792242532,0.00216989788043592,0.24173859393469663,0.4879000780640125,-0.11165502273339345,0.496383363471971,80.412,101.53,-21.117999999999995,0.04850801846978747,-0.022838642751626077,-0.11165502273339345,0.4879000780640125,0.0036641707822206993,-0.04249815225424983,-1.0710306406685237,-0.04023889865817533,-0.20477554187683006,1.7524243772241992,0.0,0.16705155591478538,0.004494562382117959,-0.0026006931150776014,0.14274315379829972,-0.014591827260439394,-0.05494252271268718,-0.04919217453036495,0.15119598496996722,123.29496402877699,-0.055323301611791664,,-0.047431205741172,0.1099090460611698,0.17285376133017724,-0.6335675253708041,1.619950847564434,1.2370136900608715,-0.05983249826280945,0.6905163976816763,-2.7727148888531854,-0.03330731199583658,0.19,-0.03910614525139665,0.0,1.0
2019-12-31,0.05032339004840571,0.8938412698412703,0.14,0.027284633859908862,0.19555148598470007,0,0,0,0,0,0,0,0,0,0,0,0,0,0,0,0,0,0,0,0,0,0,0,0,0,0,0,0,0,0,0,0,0,0,0,0,0,0,0,0,0,0,0,0,0,0,0,0,0,0,0,0,0,0,0,0,0,0,0,0,0,0,1,0,0,0,0,0,0,0,0,0,0,0,0,0,0,0,0,0,0,0,0,0,0,0,2.0522426043935975,1.1428134450189047,0.17048648520226609,0.0007444512448692851,-10.073922556120332,9.826714493730215,0.09633065961967165,-0.1330626583151814,-0.1814484365753707,0.23187774603138575,-1.6433396927917852,-0.02122894928618052,0.05648391490681148,0.2572551288530792,0.007024,0.03792455468405008,0.020359334352893527,0.014171769509698666,-0.026097631600400236,0.3597249447331915,0.0012480493717020604,0.5008846528245778,-2.104033307311996,0.2829959875167187,,-0.03294226353810831,-1.8796710567773651,-0.029175211769950943,-1.7833259028087398e-05,0.04351072495248439,-0.3116315378610461,0.0491395452518948,7.434608378870673,-0.05496642741375313,1.7433718861209966,-0.003095854061081149,2.6757220921155347,-0.1369861792242532,0.00216989788043592,0.24173859393469663,0.4879000780640125,-0.11165502273339345,0.496383363471971,80.412,101.53,-21.117999999999995,0.04850801846978747,-0.022838642751626077,-0.11165502273339345,0.4879000780640125,0.0036641707822206993,-0.04249815225424983,-1.0710306406685237,-0.04023889865817533,-0.20477554187683006,1.7524243772241992,0.0,0.16705155591478538,0.004494562382117959,-0.0026006931150776014,0.14274315379829972,-0.014591827260439394,-0.05494252271268718,-0.04919217453036495,0.15119598496996722,123.29496402877699,-0.055323301611791664,,-0.047431205741172,0.1099090460611698,0.17285376133017724,-0.6335675253708041,1.619950847564434,1.2370136900608715,-0.05983249826280945,0.6905163976816763,-2.7727148888531854,-0.03330731199583658,0.22000000000000003,-0.030726256983240222,0.0,1.0
2020-01-31,0.13333587599937427,0.04025396825396861,0.13,-0.0011000199973337553,-0.004099339046234426,0,0,0,0,0,0,0,0,0,0,0,0,0,0,0,0,0,0,0,0,0,0,0,0,0,0,0,0,0,0,0,0,0,0,0,0,0,0,0,0,0,0,0,0,0,0,0,0,0,0,0,0,0,0,0,0,0,0,0,0,0,0,1,0,0,0,0,0,0,0,0,0,0,0,0,0,0,0,0,0,0,0,0,0,0,0,1.7102021703280057,1.228285165910015,0.17487218448871944,1.210043994534155e-06,-10.593606555473515,10.023667712792234,0.19695148598470008,0.09633065961967165,-0.1330626583151814,-0.1814484365753707,-1.4181067244559564,0.15742014824295578,0.410366732648098,0.2572551288530792,-0.01278,0.027284633859908862,0.03792455468405008,0.020359334352893527,0.014171769509698666,0.37034834061642663,0.0009675871194545816,0.5008846528245778,-2.104033307311996,0.2829959875167187,,-0.03294226353810831,-1.8796710567773651,-0.029175211769950943,-1.7833259028087398e-05,0.04351072495248439,-0.3116315378610461,0.0491395452518948,7.434608378870673,-0.05496642741375313,1.7433718861209966,-0.003095854061081149,2.6757220921155347,-0.1369861792242532,0.00216989788043592,0.24173859393469663,0.4879000780640125,-0.11165502273339345,0.496383363471971,80.412,101.53,-21.117999999999995,0.04850801846978747,-0.022838642751626077,-0.11165502273339345,0.4879000780640125,0.0036641707822206993,-0.04249815225424983,-1.0710306406685237,-0.04023889865817533,-0.20477554187683006,1.7524243772241992,0.0,0.16705155591478538,0.004494562382117959,-0.0026006931150776014,0.14274315379829972,-0.014591827260439394,-0.05494252271268718,-0.04919217453036495,0.15119598496996722,123.29496402877699,-0.055323301611791664,,-0.047431205741172,0.1099090460611698,0.17285376133017724,-0.6335675253708041,1.619950847564434,1.2370136900608715,-0.05983249826280945,0.6905163976816763,-2.7727148888531854,-0.03330731199583658,0.22000000000000003,-0.030726256983240222,0.0,1.0
2020-02-28,0.3016759039735839,0.6074603174603178,0.12,-0.08469031049902555,-0.1818427422650282,0,0,0,0,0,0,0,0,0,0,0,0,0,0,0,0,0,0,0,0,0,0,0,0,0,0,0,0,0,0,0,0,0,0,0,0,0,0,0,0,0,0,0,0,0,0,0,0,0,0,0,0,0,0,0,0,0,0,0,0,0,0,1,0,0,0,0,0,0,0,0,0,0,0,0,0,0,0,0,0,0,0,0,0,0,0,2.0522426043935975,1.2176886598162948,0.1750641833344723,0.007172448692421357,-11.303413331002947,10.020870508171171,-0.0027993390462344257,0.19695148598470008,0.09633065961967165,-0.1330626583151814,-1.6321298946410967,0.109840064293109,0.6089269100976362,0.24223074836828976,-0.029787,-0.0011000199973337553,0.027284633859908862,0.03792455468405008,0.020359334352893527,0.3632527523592114,0.0010387874140757383,0.5008846528245778,-2.104033307311996,0.2829959875167187,,-0.03294226353810831,-1.8796710567773651,-0.029175211769950943,-1.7833259028087398e-05,0.04351072495248439,-0.3116315378610461,0.0491395452518948,7.434608378870673,-0.05496642741375313,1.7433718861209966,-0.003095854061081149,2.6757220921155347,-0.1369861792242532,0.00216989788043592,0.24173859393469663,0.4879000780640125,-0.11165502273339345,0.496383363471971,80.412,101.53,-21.117999999999995,0.04850801846978747,-0.022838642751626077,-0.11165502273339345,0.4879000780640125,0.0036641707822206993,-0.04249815225424983,-1.0710306406685237,-0.04023889865817533,-0.20477554187683006,1.7524243772241992,0.0,0.16705155591478538,0.004494562382117959,-0.0026006931150776014,0.14274315379829972,-0.014591827260439394,-0.05494252271268718,-0.04919217453036495,0.15119598496996722,123.29496402877699,-0.055323301611791664,,-0.047431205741172,0.1099090460611698,0.17285376133017724,-0.6335675253708041,1.619950847564434,1.2370136900608715,-0.05983249826280945,0.6905163976816763,-2.7727148888531854,-0.03330731199583658,0.22000000000000003,-0.030726256983240222,0.0,1.0
2020-03-31,0.04532286057012426,3.6080317460317466,0.12,-0.14345504758087127,-0.6420470241048796,0,0,0,0,0,0,0,0,0,0,0,0,0,0,0,0,0,0,0,0,0,0,0,0,0,0,0,0,0,0,0,0,0,0,0,0,0,0,0,0,0,0,0,0,0,0,0,0,0,0,0,0,0,0,0,0,0,0,0,0,0,0,1,0,0,0,0,0,0,0,0,0,0,0,0,0,0,0,0,0,0,0,0,0,0,0,2.0522426043935975,1.2661307339981824,0.1722971468120452,0.02057935067643004,-13.10703665337283,9.840228212896937,-0.1806427422650282,-0.0027993390462344257,0.19695148598470008,0.09633065961967165,-1.758761949618866,-0.6273376194314423,0.9318457838729131,0.235027376465576,-0.028846,-0.08469031049902555,-0.0011000199973337553,0.027284633859908862,0.03792455468405008,0.3712581142085011,0.0002902099927667651,1.8582638698055023,-2.201798026478479,0.309631404148745,,-0.010848283853438287,-1.6370453080124259,0.00828478612003409,-0.00048093501025389733,0.04852616064848931,-0.1305576753820341,0.061142266020580385,6.654718822375086,0.05114240913927315,1.7339175506797568,-0.005423017037561428,2.3189719890413096,-0.13650387470281847,0.0020291156112574225,0.1694175610843103,0.5361019005758542,-0.01736959429335716,1.2166921898928025,76.08,110.76800000000001,-34.68800000000002,0.6425797897528187,-0.046178577369018425,-0.017369594293357177,0.5361019005758542,0.0004761904761905189,0.058134423911173974,-1.124863238512035,-0.07341061078912178,-0.12943544958025108,1.7416924732599768,0.0,0.2288951000519428,-0.08698625675763692,-0.0061240325709355226,0.11526895268883686,-0.02459832067044765,0.1479789393781692,0.060728720785169776,0.2944784209301138,143.7554945054945,0.16594781983100337,,-0.026268390548372714,0.09875846317873135,0.07286848549308665,-0.7925639737041065,1.5335267569310123,1.3155089624657466,0.01775780915703895,0.6466134280684561,-2.6583814545084885,-0.01684043334866699,-0.62,-0.464968152866242,0.0,1.0
2020-04-30,0.0486979256710271,1.848444444444445,0.0,0.1279533643104609,0.2716292834640996,0,0,0,0,0,0,0,0,0,0,0,0,0,0,0,0,0,0,0,0,0,0,0,0,0,0,0,0,0,0,0,0,0,0,0,0,0,0,0,0,0,0,0,0,0,0,0,0,0,0,0,0,0,0,0,0,0,0,0,0,0,0,1,0,0,0,0,0,0,0,0,0,0,0,0,0,0,0,0,0,0,0,0,0,0,0,2.0522426043935975,2.052183558394777,0.18257049264059605,0.016372063438365527,-20.728441979460634,9.199380531739841,-0.6408470241048796,-0.1806427422650282,-0.0027993390462344257,0.19695148598470008,-1.560647597432523,-0.5526598219520427,1.0020660519007194,0.235027376465576,-0.072678,-0.14345504758087127,-0.08469031049902555,-0.0011000199973337553,0.027284633859908862,0.5047937953098818,-0.0010461306732254998,1.8582638698055023,-2.201798026478479,0.309631404148745,,-0.010848283853438287,-1.6370453080124259,0.00828478612003409,-0.00048093501025389733,0.04852616064848931,-0.1305576753820341,0.061142266020580385,6.654718822375086,0.05114240913927315,1.7339175506797568,-0.005423017037561428,2.3189719890413096,-0.13650387470281847,0.0020291156112574225,0.1694175610843103,0.5361019005758542,-0.01736959429335716,1.2166921898928025,76.08,110.76800000000001,-34.68800000000002,0.6425797897528187,-0.046178577369018425,-0.017369594293357177,0.5361019005758542,0.0004761904761905189,0.058134423911173974,-1.124863238512035,-0.07341061078912178,-0.12943544958025108,1.7416924732599768,0.0,0.2288951000519428,-0.08698625675763692,-0.0061240325709355226,0.11526895268883686,-0.02459832067044765,0.1479789393781692,0.060728720785169776,0.2944784209301138,143.7554945054945,0.16594781983100337,,-0.026268390548372714,0.09875846317873135,0.07286848549308665,-0.7925639737041065,1.5335267569310123,1.3155089624657466,0.01775780915703895,0.6466134280684561,-2.6583814545084885,-0.01684043334866699,-0.62,-0.464968152866242,0.0,1.0
2020-05-29,0.007096189290869197,11.371030233142621,0.01,0.054293483830331696,0.10136965729289117,0,0,0,0,0,0,0,0,0,0,0,0,0,0,0,0,0,0,0,0,0,0,0,0,0,0,0,0,0,0,0,0,0,0,0,0,0,0,0,0,0,0,0,0,0,0,0,0,0,0,0,0,0,0,0,0,0,0,0,0,0,0,1,0,0,0,0,0,0,0,0,0,0,0,0,0,0,0,0,0,0,0,0,0,0,0,1.0261213021968063,2.1440938609348175,0.18287708782809278,0.0029477823864344894,-7.896108210112714,9.471010895181113,0.2716292834640996,-0.6408470241048796,-0.1806427422650282,-0.0027993390462344257,-1.3347086436755233,-0.4483908256129171,1.8910806857599358,0.2599199756253759,-0.031311,0.1279533643104609,-0.14345504758087127,-0.08469031049902555,-0.0011000199973337553,0.4996307356845592,-0.007092528078797653,-0.2156274203964461,-4.3792033569509,0.2514360267591328,,0.04193665474686097,-2.49012920076615,-0.1033676578753809,0.00046408181850022764,0.03986770040543424,0.506034245803317,0.029140835697523695,14.70959883092049,-0.009256669463646006,1.85395107654154,0.06922677829446133,4.006549376405238,0.0796119225246051,0.0021211722632506927,0.17737861563766283,-0.39292303493989483,0.03631513039690737,-0.49728096676737166,85.48899999999999,107.65499999999999,-22.165999999999997,-0.3609893911439118,0.015524945890133599,0.03631513039690745,-0.39292303493989483,0.022052990639378045,0.1990030107102315,-15.29620253164557,-0.011497069018711033,0.07524856088332849,1.8631270431743885,0.0,-0.10852806795080816,0.06556556556556568,0.0697221649509221,-0.17842870994420246,0.04145525217717749,-0.3753180645093721,-0.15035606236436283,-0.6881036239036424,97.17505995203837,-0.3240254204800206,,0.04644198834866881,0.10082263442743149,-0.1030131030734859,-1.8418143671012481,1.4111788263973533,1.1016202696824706,-0.22560055038507842,0.5694049157647718,-5.2143029892341435,0.13842281049719493,0.51,-0.07236842105263158,0.0,1.0
2020-06-30,0.004850473594412498,7.124868053399565,0.01,0.024299886823535122,0.28758318660152465,0,0,0,0,0,0,0,0,0,0,0,0,0,0,0,0,0,0,0,0,0,0,0,0,0,0,0,0,0,0,0,0,0,0,0,0,0,0,0,0,0,0,0,0,0,0,0,0,0,0,0,0,0,0,0,0,0,0,0,0,0,0,1,0,0,0,0,0,0,0,0,0,0,0,0,0,0,0,0,0,0,0,0,0,0,0,1.7102021703279904,2.130495243539744,0.18022435540462226,0.0005904844996366158,-7.316075713019514,9.594769772857493,0.10146965729289117,0.2716292834640996,-0.6408470241048796,-0.1806427422650282,-1.2768843655515094,0.019935103253635622,1.6944208379618564,0.2599199756253759,0.017381,0.054293483830331696,0.1279533643104609,-0.14345504758087127,-0.08469031049902555,0.4317467904579315,-0.007744664631130606,-0.2156274203964461,-4.3792033569509,0.2514360267591328,,0.04193665474686097,-2.49012920076615,-0.1033676578753809,0.00046408181850022764,0.03986770040543424,0.506034245803317,0.029140835697523695,14.70959883092049,-0.009256669463646006,1.85395107654154,0.06922677829446133,4.006549376405238,0.0796119225246051,0.0021211722632506927,0.17737861563766283,-0.39292303493989483,0.03631513039690737,-0.49728096676737166,85.48899999999999,107.65499999999999,-22.165999999999997,-0.3609893911439118,0.015524945890133599,0.03631513039690745,-0.39292303493989483,0.022052990639378045,0.1990030107102315,-15.29620253164557,-0.011497069018711033,0.07524856088332849,1.8631270431743885,0.0,-0.10852806795080816,0.06556556556556568,0.0697221649509221,-0.17842870994420246,0.04145525217717749,-0.3753180645093721,-0.15035606236436283,-0.6881036239036424,97.17505995203837,-0.3240254204800206,,0.04644198834866881,0.10082263442743149,-0.1030131030734859,-1.8418143671012481,1.4111788263973533,1.1016202696824706,-0.22560055038507842,0.5694049157647718,-5.2143029892341435,0.13842281049719493,0.49,-0.07894736842105263,0.0,1.0
2020-07-31,0.020227057592160366,4.490655076063334,0.01,0.05609127964974256,-0.12241617582579943,0,0,0,0,0,0,0,0,0,0,0,0,0,0,0,0,0,0,0,0,0,0,0,0,0,0,0,0,0,0,0,0,0,0,0,0,0,0,0,0,0,0,0,0,0,0,0,0,0,0,0,0,0,0,0,0,0,0,0,0,0,0,1,0,0,0,0,0,0,0,0,0,0,0,0,0,0,0,0,0,0,0,0,0,0,0,1.3681617362623983,2.19070522016292,0.1874768760860722,0.003146231652745624,-8.242656549518316,9.882451845309275,0.28768318660152464,0.10146965729289117,0.2716292834640996,-0.6408470241048796,-1.2402251117292191,0.5384659515327158,0.8899075162243784,0.27852178914875547,-0.002472,0.024299886823535122,0.054293483830331696,0.1279533643104609,-0.14345504758087127,0.4751664369420521,-0.01031206156948352,-0.2156274203964461,-4.3792033569509,0.2514360267591328,,0.04193665474686097,-2.49012920076615,-0.1033676578753809,0.00046408181850022764,0.03986770040543424,0.506034245803317,0.029140835697523695,14.70959883092049,-0.009256669463646006,1.85395107654154,0.06922677829446133,4.006549376405238,0.0796119225246051,0.0021211722632506927,0.17737861563766283,-0.39292303493989483,0.03631513039690737,-0.49728096676737166,85.48899999999999,107.65499999999999,-22.165999999999997,-0.3609893911439118,0.015524945890133599,0.03631513039690745,-0.39292303493989483,0.022052990639378045,0.1990030107102315,-15.29620253164557,-0.011497069018711033,0.07524856088332849,1.8631270431743885,0.0,-0.10852806795080816,0.06556556556556568,0.0697221649509221,-0.17842870994420246,0.04145525217717749,-0.3753180645093721,-0.15035606236436283,-0.6881036239036424,97.17505995203837,-0.3240254204800206,,0.04644198834866881,0.10082263442743149,-0.1030131030734859,-1.8418143671012481,1.4111788263973533,1.1016202696824706,-0.22560055038507842,0.5694049157647718,-5.2143029892341435,0.13842281049719493,0.49,-0.07894736842105263,0.0,1.0
